5,1,3.705026,2.354E-44,-0.000265,0.0797,0.086,0.7600,8414.4693
5,1,3.740024,1.110E-38,-0.000265,0.0797,0.086,0.7600,6350.4390
5,1,3.775024,9.233E-34,-0.000265,0.0797,0.086,0.7600,4260.0622
5,1,3.810028,5.706E-29,-0.000265,0.0797,0.086,0.7600,2143.2711
5,1,3.845033,3.300E-24,-0.000265,0.0797,0.086,0.7600,0.0000
5,1,7.409906,1.815E-43,-0.000310,0.0748,0.082,0.7500,8418.1743
5,1,7.479900,8.621E-38,-0.000310,0.0748,0.082,0.7500,6354.1791
5,1,7.549901,7.177E-33,-0.000310,0.0748,0.082,0.7500,4263.8372
5,1,7.619908,4.436E-28,-0.000310,0.0748,0.082,0.7500,2147.0811
5,1,7.689920,2.566E-23,-0.000310,0.0748,0.082,0.7500,3.8450
5,1,11.114491,5.760E-43,-0.000230,0.0709,0.079,0.7400,8425.5842
5,1,11.219483,2.770E-37,-0.000230,0.0709,0.078,0.7400,6361.6590
5,1,11.324485,2.309E-32,-0.000230,0.0709,0.078,0.7400,4271.3871
5,1,11.429495,1.428E-27,-0.000230,0.0709,0.078,0.7400,2154.7010
5,1,11.534513,8.256E-23,-0.000230,0.0709,0.078,0.7400,11.5350
5,1,14.818636,1.253E-42,-0.000025,0.0676,0.075,0.7400,8436.6987
5,1,14.958626,6.131E-37,-0.000025,0.0676,0.075,0.7400,6372.8785
5,1,15.098628,5.119E-32,-0.000025,0.0676,0.075,0.7400,4282.7116
5,1,15.238641,3.165E-27,-0.000025,0.0676,0.075,0.7400,2166.1305
5,1,15.378665,1.830E-22,-0.000025,0.0676,0.075,0.7400,23.0695
5,1,18.522193,2.189E-42,0.000165,0.0650,0.073,0.7400,8451.5173
5,1,18.697181,1.096E-36,0.000165,0.0650,0.073,0.7400,6387.8371
5,1,18.872183,9.172E-32,0.000165,0.0650,0.073,0.7400,4297.8102
5,1,19.047200,5.674E-27,0.000165,0.0650,0.073,0.7400,2181.3692
5,1,19.222229,3.280E-22,0.000165,0.0650,0.073,0.7400,38.4481
5,1,22.015052,1.206E-45,0.000275,0.0629,0.070,0.7400,10507.2675
5,1,22.225016,3.299E-42,0.000275,0.0629,0.070,0.7400,8470.0395
5,1,22.435001,1.701E-36,0.000275,0.0629,0.070,0.7400,6406.5343
5,1,22.645004,1.427E-31,0.000275,0.0629,0.070,0.7400,4316.6824
5,1,22.855024,8.829E-27,0.000275,0.0629,0.070,0.7400,2200.4164
5,1,23.065059,5.103E-22,0.000275,0.0629,0.070,0.7400,57.6704
5,1,25.681999,1.734E-45,0.000345,0.0612,0.069,0.7500,10529.2825
5,1,25.926958,4.453E-42,0.000345,0.0612,0.069,0.7500,8492.2646
5,1,26.171941,2.377E-36,0.000345,0.0612,0.068,0.7500,6428.9693
5,1,26.416944,2.000E-31,0.000345,0.0612,0.068,0.7500,4339.3274
5,1,26.661967,1.239E-26,0.000345,0.0612,0.068,0.7500,2223.2714
5,1,26.907008,7.158E-22,0.000345,0.0612,0.068,0.7500,80.7354
5,1,29.347919,2.307E-45,0.000390,0.0599,0.067,0.7500,10554.9645
5,1,29.627872,5.503E-42,0.000390,0.0599,0.067,0.7500,8518.1915
5,1,29.907852,3.062E-36,0.000390,0.0599,0.067,0.7500,6455.1412
5,1,30.187856,2.586E-31,0.000390,0.0599,0.067,0.7500,4365.7443
5,1,30.467882,1.602E-26,0.000390,0.0599,0.067,0.7500,2249.9334
5,1,30.747928,9.258E-22,0.000390,0.0599,0.067,0.7500,107.6424
5,1,33.012663,2.884E-45,0.000450,0.0589,0.066,0.7500,10584.3125
5,1,33.327611,6.315E-42,0.000450,0.0589,0.066,0.7500,8547.8194
5,1,33.642589,3.690E-36,0.000450,0.0589,0.065,0.7500,6485.0491
5,1,33.957594,3.129E-31,0.000450,0.0589,0.065,0.7500,4395.9322
5,1,34.272623,1.940E-26,0.000450,0.0589,0.065,0.7500,2280.4012
5,1,34.587674,1.121E-21,0.000450,0.0589,0.065,0.7500,138.3904
5,1,36.676085,3.419E-45,0.000490,0.0580,0.064,0.7500,10617.3251
5,1,37.026028,6.791E-42,0.000490,0.0580,0.064,0.7500,8581.1470
5,1,37.376004,4.200E-36,0.000490,0.0580,0.064,0.7500,6518.6916
5,1,37.726009,3.579E-31,0.000490,0.0580,0.064,0.7500,4429.8898
5,1,38.076042,2.221E-26,0.000490,0.0580,0.064,0.7500,2314.6739
5,1,38.426098,1.282E-21,0.000490,0.0580,0.064,0.7500,172.9780
5,1,40.338040,3.872E-45,0.000520,0.0573,0.063,0.7500,10654.0012
5,1,40.722977,6.884E-42,0.000520,0.0573,0.063,0.7500,8618.1730
5,1,41.107951,4.548E-36,0.000520,0.0573,0.063,0.7500,6556.0676
5,1,41.492957,3.896E-31,0.000520,0.0573,0.063,0.7500,4467.6158
5,1,41.877992,2.420E-26,0.000520,0.0573,0.063,0.7500,2352.7499
5,1,42.263054,1.397E-21,0.000520,0.0573,0.063,0.7500,211.4041
5,1,44.418311,6.605E-42,0.000550,0.0567,0.062,0.7400,8658.8960
5,1,44.838283,4.709E-36,0.000550,0.0567,0.062,0.7400,6597.1756
5,1,45.258290,4.058E-31,0.000550,0.0567,0.062,0.7400,4509.1088
5,1,45.678328,2.523E-26,0.000550,0.0567,0.062,0.7400,2394.6279
5,1,46.098394,1.456E-21,0.000550,0.0567,0.062,0.7400,253.6672
5,1,47.656956,4.413E-45,0.000505,0.0561,0.061,0.7300,10738.3376
5,1,48.111883,6.012E-42,0.000505,0.0561,0.061,0.7300,8703.3143
5,1,48.566854,4.682E-36,0.000505,0.0561,0.061,0.7300,6642.0139
5,1,49.021861,4.061E-31,0.000505,0.0561,0.061,0.7300,4554.3670
5,1,49.476902,2.528E-26,0.000505,0.0561,0.061,0.7300,2440.3062
5,1,49.931973,1.458E-21,0.000505,0.0561,0.061,0.7300,299.7656
5,1,51.313624,4.472E-45,0.000505,0.0555,0.061,0.7200,10785.9946
5,1,51.803548,5.198E-42,0.000505,0.0555,0.061,0.7200,8751.4262
5,1,52.293516,4.483E-36,0.000505,0.0555,0.061,0.7200,6690.5807
5,1,52.783524,3.916E-31,0.000505,0.0555,0.061,0.7200,4603.3889
5,1,53.273568,2.441E-26,0.000505,0.0555,0.061,0.7200,2489.7831
5,1,53.763644,1.407E-21,0.000505,0.0555,0.061,0.7200,349.6975
5,1,54.968238,4.393E-45,0.000490,0.0549,0.060,0.7100,10837.3082
5,1,55.493157,4.266E-42,0.000490,0.0549,0.060,0.7100,8803.2297
5,1,56.018124,4.143E-36,0.000490,0.0549,0.060,0.7100,6742.8742
5,1,56.543133,3.649E-31,0.000490,0.0549,0.060,0.7100,4656.1724
5,1,57.068180,2.277E-26,0.000490,0.0549,0.060,0.7100,2543.0567
5,1,57.593260,1.312E-21,0.000490,0.0549,0.060,0.7100,403.4612
5,1,59.180565,3.319E-42,0.000495,0.0542,0.059,0.7000,8858.7229
5,1,59.740531,3.704E-36,0.000495,0.0542,0.059,0.7000,6798.8924
5,1,60.300541,3.290E-31,0.000495,0.0542,0.059,0.7000,4712.7156
5,1,60.860590,2.057E-26,0.000495,0.0542,0.059,0.7000,2600.1249
5,1,61.420675,1.185E-21,0.000495,0.0542,0.059,0.7000,461.0544
5,1,62.865626,2.439E-42,0.000360,0.0535,0.058,0.6900,8917.9035
5,1,63.460590,3.208E-36,0.000360,0.0535,0.058,0.6900,6858.6329
5,1,64.055601,2.877E-31,0.000360,0.0535,0.058,0.6900,4773.0161
5,1,64.650653,1.802E-26,0.000360,0.0535,0.058,0.6900,2660.9855
5,1,65.245742,1.037E-21,0.000360,0.0535,0.058,0.6900,522.4751
5,1,65.918283,3.510E-45,0.000400,0.0527,0.057,0.6800,11013.1678
5,1,66.548192,1.683E-42,0.000400,0.0527,0.057,0.6800,8980.7691
5,1,67.178156,2.695E-36,0.000400,0.0527,0.057,0.6800,6922.0935
5,1,67.808168,2.442E-31,0.000400,0.0527,0.057,0.6800,4837.0717
5,1,68.438222,1.532E-26,0.000400,0.0527,0.057,0.6800,2725.6361
5,1,69.068315,8.817E-22,0.000400,0.0527,0.057,0.6800,587.7209
5,1,69.563211,3.090E-45,0.000300,0.0519,0.056,0.6700,11079.0861
5,1,70.228118,1.080E-42,0.000300,0.0519,0.056,0.6700,9047.3173
5,1,70.893081,2.199E-36,0.000300,0.0519,0.056,0.6700,6989.2717
5,1,71.558095,2.015E-31,0.000300,0.0519,0.056,0.6700,4904.8799
5,1,72.223151,1.267E-26,0.000300,0.0519,0.056,0.6700,2794.0743
5,1,72.888248,7.286E-22,0.000300,0.0519,0.056,0.6700,656.7892
5,1,73.205353,2.654E-45,0.000275,0.0510,0.055,0.6700,11148.6493
5,1,73.905257,6.350E-43,0.000275,0.0510,0.055,0.6700,9117.5454
5,1,74.605220,1.744E-36,0.000275,0.0510,0.055,0.6700,7060.1647
5,1,75.305235,1.617E-31,0.000275,0.0510,0.055,0.6700,4976.4380
5,1,76.005294,1.019E-26,0.000275,0.0510,0.055,0.6700,2866.2975
5,1,76.705394,5.858E-22,0.000275,0.0510,0.055,0.6700,729.6774
5,1,76.844561,2.225E-45,0.000495,0.0500,0.054,0.6700,11221.8546
5,1,77.579463,3.323E-43,0.000495,0.0500,0.054,0.6700,9191.4507
5,1,78.314427,1.344E-36,0.000495,0.0500,0.054,0.6700,7134.7700
5,1,79.049443,1.264E-31,0.000495,0.0500,0.054,0.6700,5051.7432
5,1,79.784505,7.981E-27,0.000495,0.0500,0.054,0.6700,2942.3028
5,1,80.480689,1.823E-45,-0.000310,0.0491,0.053,0.6700,11298.6992
5,1,80.519608,4.587E-22,0.000495,0.0500,0.054,0.6700,806.3828
5,1,81.250591,1.465E-43,-0.000310,0.0491,0.053,0.6700,9269.0301
5,1,82.020554,1.009E-36,-0.000310,0.0491,0.053,0.6700,7213.0844
5,1,82.790572,9.621E-32,-0.000310,0.0491,0.053,0.6700,5130.7926
5,1,83.560637,6.093E-27,-0.000310,0.0491,0.053,0.6700,3022.0873
5,1,84.113592,1.459E-45,0.000055,0.0483,0.052,0.6700,11379.1799
5,1,84.330743,3.500E-22,-0.000310,0.0491,0.053,0.6700,886.9024
5,1,84.918493,4.769E-44,0.000055,0.0483,0.052,0.6700,9350.2807
5,1,85.723458,7.373E-37,0.000055,0.0483,0.052,0.6700,7295.1049
5,1,86.528477,7.141E-32,0.000055,0.0483,0.052,0.6700,5213.5832
5,1,87.333544,4.535E-27,0.000055,0.0483,0.052,0.6700,3105.6479
5,1,87.743123,1.143E-45,0.000055,0.0475,0.051,0.6700,11463.2935
5,1,88.138653,2.604E-22,0.000055,0.0483,0.052,0.6700,971.2332
5,1,88.583024,7.045E-45,0.000055,0.0475,0.051,0.6700,9435.1992
5,1,89.422990,5.247E-37,0.000055,0.0475,0.051,0.6700,7380.8284
5,1,90.263012,5.169E-32,0.000055,0.0475,0.051,0.6700,5300.1117
5,1,91.103081,3.293E-27,0.000055,0.0475,0.051,0.6700,3192.9815
5,1,91.943193,1.890E-22,0.000055,0.0475,0.051,0.6700,1059.3718
5,1,93.119006,3.639E-37,0.000055,0.0469,0.050,0.6700,7470.2514
5,1,93.994030,3.652E-32,0.000055,0.0469,0.050,0.6700,5390.3747
5,1,94.869103,2.334E-27,0.000055,0.0469,0.050,0.6700,3284.0846
5,1,95.744217,1.339E-22,0.000055,0.0469,0.050,0.6700,1151.3150
5,1,95.901391,9.978E-45,0.000055,0.0464,0.048,0.6700,9616.0263
5,1,96.811360,2.460E-37,0.000055,0.0464,0.048,0.6700,7563.3704
5,1,97.721387,2.518E-32,0.000055,0.0464,0.048,0.6700,5484.3687
5,1,98.631462,1.616E-27,0.000055,0.0464,0.048,0.6700,3378.9537
5,1,99.541579,9.266E-23,0.000055,0.0464,0.048,0.6700,1247.0592
5,1,99.554934,2.381E-44,0.000055,0.0457,0.047,0.6700,9711.9277
5,1,100.499907,1.621E-37,0.000055,0.0457,0.047,0.6700,7660.1817
5,1,101.444936,1.695E-32,0.000055,0.0451,0.047,0.6700,5582.0901
5,1,102.390014,1.092E-27,0.000055,0.0451,0.047,0.6700,3477.5851
5,1,103.204524,3.540E-44,0.000055,0.0451,0.046,0.6700,9811.4826
5,1,103.335134,6.262E-23,0.000055,0.0451,0.047,0.6700,1346.6008
5,1,104.184500,1.041E-37,0.000055,0.0451,0.046,0.6700,7760.6817
5,1,105.164533,1.115E-32,0.000055,0.0446,0.046,0.6700,5683.5351
5,1,106.144614,7.215E-28,0.000055,0.0446,0.046,0.6700,3579.9751
5,1,106.850014,4.207E-44,0.000055,0.0446,0.045,0.6700,9914.6871
5,1,107.124736,4.136E-23,0.000055,0.0446,0.046,0.6700,1449.9359
5,1,107.864994,6.521E-38,0.000055,0.0446,0.045,0.6700,7864.8662
5,1,108.880030,7.167E-33,0.000055,0.0441,0.045,0.6700,5788.6996
5,1,109.895115,4.659E-28,0.000055,0.0441,0.045,0.6700,3686.1198
5,1,110.491258,4.359E-44,0.000055,0.0441,0.043,0.6700,10021.5371
5,1,110.910239,2.670E-23,0.000055,0.0441,0.045,0.6700,1557.0607
5,1,111.541244,3.982E-38,0.000055,0.0441,0.043,0.6700,7972.7311
5,1,112.591285,4.501E-33,0.000055,0.0436,0.044,0.6700,5897.5796
5,1,113.641372,2.941E-28,0.000055,0.0436,0.044,0.6700,3796.0149
5,1,114.128113,4.101E-44,0.000055,0.0436,0.043,0.6700,10132.0284
5,1,114.691499,1.685E-23,0.000055,0.0436,0.044,0.6700,1667.9709
5,1,115.213103,2.371E-38,0.000055,0.0436,0.043,0.6700,8084.2724
5,1,116.298149,2.763E-33,0.000055,0.0430,0.043,0.6700,6010.1709
5,1,117.383240,1.815E-28,0.000055,0.0436,0.043,0.6700,3909.6562
5,1,117.760432,3.585E-44,0.000055,0.0430,0.042,0.6700,10246.1565
5,1,118.468370,1.040E-23,0.000055,0.0430,0.043,0.6700,1782.6624
5,1,118.880429,1.376E-38,0.000055,0.0430,0.042,0.6700,8199.4855
5,1,120.000480,1.658E-33,0.000055,0.0430,0.042,0.6700,6126.4691
5,1,121.120575,1.096E-28,0.000055,0.0430,0.042,0.6700,4027.0395
5,1,121.388071,2.952E-44,0.000055,0.0425,0.041,0.6700,10363.9169
5,1,122.240707,6.282E-24,0.000055,0.0425,0.042,0.6700,1901.1308
5,1,122.543075,7.783E-39,0.000055,0.0425,0.041,0.6700,8318.3659
5,1,123.698132,9.732E-34,0.000055,0.0425,0.041,0.6700,6246.4695
5,1,124.853232,6.475E-29,0.000055,0.0425,0.041,0.6700,4148.1601
5,1,125.010885,2.310E-44,0.000055,0.0420,0.041,0.6700,10485.3050
5,1,126.008365,3.712E-24,0.000055,0.0420,0.041,0.6700,2023.3715
5,1,126.200897,4.289E-39,0.000055,0.0420,0.041,0.6700,8440.9090
5,1,127.390960,5.585E-34,0.000055,0.0420,0.041,0.6700,6370.1677
5,1,128.581065,3.742E-29,0.000055,0.0420,0.041,0.6700,4273.0133
5,1,128.628728,1.729E-44,0.000055,0.0420,0.041,0.6700,10610.3159
5,1,129.771201,2.146E-24,0.000055,0.0420,0.041,0.6700,2149.3799
5,1,129.853749,2.302E-39,0.000055,0.0420,0.041,0.6700,8567.1099
5,1,131.078820,3.135E-34,0.000055,0.0420,0.041,0.6700,6497.5586
5,1,132.241456,1.244E-44,0.000055,0.0420,0.041,0.6700,10738.9446
5,1,132.303930,2.117E-29,0.000055,0.0420,0.041,0.6700,4401.5943
5,1,133.501488,1.203E-39,0.000055,0.0420,0.041,0.6700,8696.9636
5,1,133.529068,1.214E-24,0.000055,0.0420,0.041,0.6700,2279.1511
5,1,134.761567,1.721E-34,0.000055,0.0420,0.041,0.6700,6628.6374
5,1,135.848925,8.630E-45,0.000055,0.0420,0.041,0.6700,10871.1861
5,1,136.021682,1.172E-29,0.000055,0.0420,0.041,0.6700,4533.8983
5,1,137.143967,6.116E-40,0.000055,0.0420,0.041,0.6700,8830.4651
5,1,137.281823,6.725E-25,0.000055,0.0420,0.041,0.6700,2412.6801
5,1,138.439056,9.241E-35,0.000055,0.0420,0.041,0.6700,6763.3990
5,1,139.450989,5.789E-45,0.000055,0.0420,0.041,0.6700,11007.0350
5,1,139.734177,6.349E-30,0.000055,0.0420,0.041,0.6700,4669.9200
5,1,140.781044,3.023E-40,0.000055,0.0420,0.041,0.6700,8967.6091
5,1,141.029322,3.647E-25,0.000055,0.0420,0.041,0.6700,2549.9620
5,1,142.111143,4.854E-35,0.000055,0.0420,0.041,0.6700,6901.8381
5,1,143.047505,3.762E-45,0.000055,0.0420,0.041,0.6700,11146.4860
5,1,143.441271,3.368E-30,0.000055,0.0420,0.041,0.6700,4809.6541
5,1,144.412574,1.451E-40,0.000055,0.0420,0.041,0.6700,9108.3901
5,1,144.771419,1.937E-25,0.000055,0.0420,0.041,0.6700,2690.9913
5,1,145.777683,2.495E-35,0.000055,0.0420,0.041,0.6700,7043.9492
5,1,146.638327,2.374E-45,0.000055,0.0420,0.041,0.6700,11289.5335
5,1,147.142819,1.749E-30,0.000055,0.0420,0.041,0.6700,4953.0954
5,1,148.038412,6.751E-41,0.000055,0.0420,0.041,0.6700,9252.8027
5,1,148.507971,1.007E-25,0.000055,0.0420,0.041,0.6700,2835.7627
5,1,149.438534,1.254E-35,0.000055,0.0420,0.041,0.6700,7189.7269
5,1,150.838678,8.897E-31,0.000055,0.0420,0.041,0.6700,5100.2382
5,1,151.658415,3.043E-41,0.000055,0.0420,0.041,0.6700,9400.8411
5,1,152.238834,5.128E-26,0.000055,0.0420,0.041,0.6700,2984.2707
5,1,153.093550,6.167E-36,0.000055,0.0420,0.041,0.6700,7339.1654
5,1,154.528703,4.431E-31,0.000055,0.0420,0.041,0.6700,5251.0769
5,1,155.272438,1.325E-41,0.000055,0.0420,0.041,0.6700,9552.4995
5,1,155.963864,2.558E-26,0.000055,0.0420,0.041,0.6700,3136.5095
5,1,156.742588,2.967E-36,0.000055,0.0420,0.041,0.6700,7492.2590
5,1,158.212751,2.161E-31,0.000055,0.0420,0.041,0.6700,5405.6056
5,1,158.880339,5.559E-42,0.000055,0.0420,0.041,0.6700,9707.7720
5,1,159.682917,1.250E-26,0.000055,0.0420,0.041,0.6700,3292.4734
5,1,160.385504,1.396E-36,0.000055,0.0420,0.041,0.6700,7649.0016
5,1,161.890678,1.032E-31,0.000055,0.0420,0.041,0.6700,5563.8184
5,1,162.481972,2.239E-42,0.000055,0.0420,0.041,0.6700,9866.6523
5,1,163.395850,5.984E-27,0.000055,0.0420,0.041,0.6700,3452.1563
5,1,164.022155,6.425E-37,0.000055,0.0420,0.041,0.6700,7809.3871
5,1,165.562342,4.830E-32,0.000055,0.0420,0.041,0.6700,5725.7090
5,1,166.077196,8.611E-43,0.000055,0.0420,0.041,0.6700,10029.1343
5,1,167.102520,2.806E-27,0.000055,0.0420,0.041,0.6700,3615.5521
5,1,167.652398,2.892E-37,0.000055,0.0420,0.041,0.6700,7973.4092
5,1,169.227598,2.214E-32,0.000055,0.0420,0.041,0.6700,5891.2714
5,1,169.665866,3.139E-43,0.000055,0.0420,0.041,0.6700,10195.2115
5,1,170.802784,1.290E-27,0.000055,0.0420,0.041,0.6700,3782.6546
5,1,171.276088,1.273E-37,0.000055,0.0420,0.041,0.6700,8141.0616
5,1,172.886303,9.936E-33,0.000055,0.0420,0.041,0.6700,6060.4990
5,1,173.247839,1.072E-43,0.000055,0.0420,0.041,0.6700,10364.8774
5,1,174.496498,5.808E-28,0.000055,0.0420,0.041,0.6700,3953.4574
5,1,174.893084,5.478E-38,0.000055,0.0420,0.041,0.6700,8312.3377
5,1,176.538316,4.369E-33,0.000055,0.0420,0.041,0.6700,6233.3853
5,1,176.822973,3.374E-44,0.000055,0.0420,0.041,0.6700,10538.1252
5,1,178.183520,2.563E-28,0.000055,0.0420,0.041,0.6700,4127.9539
5,1,178.503243,2.304E-38,0.000055,0.0420,0.041,0.6700,8487.2308
5,1,180.183492,1.882E-33,0.000055,0.0420,0.041,0.6700,6409.9236
5,1,181.863706,1.109E-28,0.000055,0.0420,0.041,0.6700,4306.1375
5,1,182.106421,9.473E-39,0.000055,0.0420,0.041,0.6700,8665.7340
5,1,183.821689,7.941E-34,0.000055,0.0420,0.041,0.6700,6590.1071
5,1,185.536915,4.699E-29,0.000055,0.0420,0.041,0.6700,4488.0012
5,1,185.702475,3.805E-39,0.000055,0.0420,0.041,0.6700,8847.8405
5,1,187.452765,3.282E-34,0.000055,0.0420,0.041,0.6700,6773.9288
5,1,189.203004,1.952E-29,0.000055,0.0420,0.041,0.6700,4673.5381
5,1,189.291265,1.492E-39,0.000055,0.0420,0.041,0.6700,9033.5429
5,1,191.076578,1.329E-34,0.000055,0.0420,0.041,0.6700,6961.3815
5,1,192.861831,7.951E-30,0.000055,0.0420,0.041,0.6700,4862.7411
5,1,192.872647,5.715E-40,0.000055,0.0420,0.041,0.6700,9222.8342
5,1,194.692984,5.271E-35,0.000055,0.0420,0.041,0.6700,7152.4581
5,1,196.446479,2.135E-40,0.000055,0.0420,0.041,0.6700,9415.7068
5,1,196.513254,3.174E-30,0.000055,0.0420,0.041,0.6700,5055.6029
5,1,198.301844,2.048E-35,0.000055,0.0420,0.041,0.6700,7347.1511
5,1,200.012619,7.777E-41,0.000055,0.0420,0.041,0.6700,9612.1533
5,1,200.157132,1.242E-30,0.000055,0.0420,0.041,0.6700,5252.1162
5,1,201.903014,7.793E-36,0.000055,0.0420,0.041,0.6700,7545.4529
5,1,203.570926,2.760E-41,0.000055,0.0420,0.041,0.6700,9812.1659
5,1,203.793322,4.765E-31,0.000055,0.0420,0.041,0.6700,5452.2733
5,1,205.496353,2.905E-36,0.000055,0.0420,0.041,0.6700,7747.3560
5,1,207.121259,9.537E-42,0.000055,0.0420,0.041,0.6700,10015.7369
5,1,207.421683,1.792E-31,0.000055,0.0420,0.041,0.6700,5656.0666
5,1,209.081720,1.060E-36,0.000055,0.0420,0.041,0.6700,7952.8523
5,1,210.663474,3.204E-42,0.000055,0.0420,0.041,0.6700,10222.8581
5,1,211.042074,6.605E-32,0.000055,0.0420,0.041,0.6700,5863.4883
5,1,212.658974,3.790E-37,0.000055,0.0420,0.041,0.6700,8161.9340
5,1,214.197433,1.045E-42,0.000055,0.0420,0.041,0.6700,10433.5216
5,1,214.654353,2.387E-32,0.000055,0.0420,0.041,0.6700,6074.5304
5,1,216.227973,1.327E-37,0.000055,0.0420,0.041,0.6700,8374.5930
5,1,217.722993,3.302E-43,0.000055,0.0420,0.041,0.6700,10647.7190
5,1,218.258381,8.459E-33,0.000055,0.0420,0.041,0.6700,6289.1847
5,1,219.788577,4.546E-38,0.000055,0.0420,0.041,0.6700,8590.8210
5,1,221.240013,1.009E-43,0.000055,0.0420,0.041,0.6700,10865.4420
5,1,221.854016,2.938E-33,0.000055,0.0420,0.041,0.6700,6507.4431
5,1,223.340645,1.525E-38,0.000055,0.0420,0.041,0.6700,8810.6096
5,1,224.748354,2.970E-44,0.000055,0.0420,0.041,0.6700,11086.6820
5,1,225.441118,1.001E-33,0.000055,0.0420,0.041,0.6700,6729.2971
5,1,226.884036,5.006E-39,0.000055,0.0420,0.041,0.6700,9033.9502
5,1,228.247874,8.391E-45,0.000055,0.0420,0.041,0.6700,11311.4304
5,1,229.019547,3.341E-34,0.000055,0.0420,0.041,0.6700,6954.7382
5,1,230.418611,1.608E-39,0.000055,0.0420,0.041,0.6700,9260.8342
5,1,231.738433,2.261E-45,0.000055,0.0420,0.041,0.6700,11539.6783
5,1,232.589162,1.094E-34,0.000055,0.0420,0.041,0.6700,7183.7578
5,1,233.944229,5.053E-40,0.000055,0.0420,0.041,0.6700,9491.2528
5,1,236.149823,3.509E-35,0.000055,0.0420,0.041,0.6700,7416.3469
5,1,237.460750,1.553E-40,0.000055,0.0420,0.041,0.6700,9725.1971
5,1,239.701392,1.104E-35,0.000055,0.0420,0.041,0.6700,7652.4968
5,1,240.968034,4.664E-41,0.000055,0.0420,0.041,0.6700,9962.6578
5,1,243.243728,3.404E-36,0.000055,0.0420,0.041,0.6700,7892.1982
5,1,244.465943,1.369E-41,0.000055,0.0420,0.041,0.6700,10203.6259
5,1,246.776692,1.029E-36,0.000055,0.0420,0.041,0.6700,8135.4419
5,1,247.954336,3.924E-42,0.000055,0.0420,0.041,0.6700,10448.0918
5,1,250.300145,3.047E-37,0.000055,0.0420,0.041,0.6700,8382.2186
5,1,251.433076,1.098E-42,0.000055,0.0420,0.041,0.6700,10696.0461
5,1,253.813948,8.848E-38,0.000055,0.0420,0.041,0.6700,8632.5187
5,1,254.902021,2.995E-43,0.000055,0.0420,0.041,0.6700,10947.4792
5,1,257.317962,2.517E-38,0.000055,0.0420,0.041,0.6700,8886.3327
5,1,258.361035,7.961E-44,0.000055,0.0420,0.041,0.6700,11202.3812
5,1,260.812050,7.018E-39,0.000055,0.0420,0.041,0.6700,9143.6506
5,1,261.809978,2.059E-44,0.000055,0.0420,0.041,0.6700,11460.7423
5,1,264.296072,1.917E-39,0.000055,0.0420,0.041,0.6700,9404.4627
5,1,265.248713,5.177E-45,0.000055,0.0420,0.041,0.6700,11722.5523
5,1,267.769892,5.128E-40,0.000055,0.0420,0.041,0.6700,9668.7588
5,1,268.677100,1.263E-45,0.000055,0.0420,0.041,0.6700,11987.8010
5,1,271.233369,1.344E-40,0.000055,0.0420,0.041,0.6700,9936.5287
5,1,274.686368,3.447E-41,0.000055,0.0420,0.041,0.6700,10207.7620
5,1,278.128751,8.657E-42,0.000055,0.0420,0.041,0.6700,10482.4484
5,1,281.560380,2.128E-42,0.000055,0.0420,0.041,0.6700,10760.5771
5,1,284.981119,5.115E-43,0.000055,0.0420,0.041,0.6700,11042.1375
5,1,288.390830,1.203E-43,0.000055,0.0420,0.041,0.6700,11327.1186
5,1,291.789378,2.763E-44,0.000055,0.0420,0.041,0.6700,11615.5095
5,1,295.176625,6.199E-45,0.000055,0.0420,0.041,0.6700,11907.2988
5,1,298.552435,1.358E-45,0.000055,0.0420,0.041,0.6700,12202.4755
5,1,1872.749309,2.532E-31,-0.003500,0.0420,0.041,0.6700,6289.1847
5,1,1878.321942,7.078E-31,-0.003500,0.0420,0.041,0.6700,6074.5304
5,1,1883.867662,1.943E-30,-0.003500,0.0420,0.041,0.6700,5863.4883
5,1,1889.386331,5.241E-30,-0.003500,0.0420,0.041,0.6700,5656.0666
5,1,1894.877809,1.388E-29,-0.003500,0.0420,0.041,0.6700,5452.2733
5,1,1900.341956,3.611E-29,-0.003500,0.0420,0.041,0.6700,5252.1162
5,1,1902.414114,2.342E-31,-0.003500,0.0420,0.041,0.6700,6409.9236
5,1,1905.778633,9.225E-29,-0.003500,0.0420,0.041,0.6700,5055.6029
5,1,1907.676341,5.419E-31,-0.003500,0.0420,0.041,0.6700,6233.3853
5,1,1911.187699,2.314E-28,-0.003500,0.0420,0.041,0.6700,4862.7411
5,1,1912.910247,1.231E-30,-0.003500,0.0420,0.041,0.6700,6060.4990
5,1,1916.569015,5.702E-28,-0.003500,0.0420,0.041,0.6700,4673.5381
5,1,1918.115690,2.746E-30,-0.003500,0.0420,0.041,0.6700,5891.2714
5,1,1921.922438,1.379E-27,-0.003500,0.0420,0.041,0.6700,4488.0012
5,1,1923.292528,6.013E-30,-0.003500,0.0420,0.041,0.6700,5725.7090
5,1,1927.247828,3.276E-27,-0.003500,0.0420,0.041,0.6700,4306.1375
5,1,1928.440618,1.293E-29,-0.003500,0.0420,0.041,0.6700,5563.8184
5,1,1932.545044,7.640E-27,-0.003500,0.0420,0.041,0.6700,4127.9539
5,1,1933.559820,2.729E-29,-0.003500,0.0420,0.041,0.6700,5405.6056
5,1,1937.813944,1.749E-26,-0.003500,0.0420,0.041,0.6700,3953.4574
5,1,1938.649989,5.655E-29,-0.003500,0.0420,0.041,0.6700,5251.0769
5,1,1943.054387,3.932E-26,-0.003500,0.0420,0.041,0.6700,3782.6546
5,1,1943.350369,1.683E-31,-0.002823,0.0420,0.041,0.6700,6497.5586
5,1,1943.710984,1.150E-28,-0.003500,0.0420,0.041,0.6700,5100.2382
5,1,1948.198254,3.040E-31,-0.002823,0.0425,0.041,0.6700,6370.1677
5,1,1948.266228,8.676E-26,-0.003500,0.0420,0.041,0.6700,3615.5521
5,1,1948.742660,2.296E-28,-0.003500,0.0420,0.041,0.6700,4953.0954
5,1,1953.015958,5.390E-31,-0.002823,0.0430,0.042,0.6700,6246.4695
5,1,1953.449328,1.879E-25,-0.003500,0.0420,0.041,0.6700,3452.1563
5,1,1953.744875,4.499E-28,-0.003500,0.0420,0.041,0.6700,4809.6541
5,1,1957.803336,9.376E-31,-0.002823,0.0436,0.043,0.6700,6126.4691
5,1,1958.603542,3.995E-25,-0.003500,0.0420,0.041,0.6700,3292.4734
5,1,1958.717485,8.652E-28,-0.003500,0.0420,0.041,0.6700,4669.9200
5,1,1962.560242,1.600E-30,-0.002823,0.0441,0.043,0.6700,6010.1709
5,1,1963.660347,1.633E-27,-0.003500,0.0420,0.041,0.6700,4533.8983
5,1,1963.728728,8.336E-25,-0.003500,0.0420,0.041,0.6700,3136.5095
5,1,1967.286532,2.679E-30,-0.002823,0.0446,0.045,0.6700,5897.5796
5,1,1968.573316,3.024E-27,-0.003500,0.0420,0.041,0.6700,4401.5943
5,1,1968.824743,1.707E-24,-0.003500,0.0420,0.041,0.6700,2984.2707
5,1,1971.982063,4.401E-30,-0.002823,0.0451,0.046,0.6700,5788.6996
5,1,1973.456249,5.495E-27,-0.003500,0.0425,0.041,0.6700,4273.0133
5,1,1973.891443,3.431E-24,-0.003500,0.0420,0.041,0.6700,2835.7627
5,1,1976.646689,7.090E-30,-0.002823,0.0457,0.047,0.6700,5683.5351
5,1,1978.309000,9.796E-27,-0.003500,0.0430,0.042,0.6700,4148.1601
5,1,1978.928684,6.766E-24,-0.003500,0.0420,0.041,0.6700,2690.9913
5,1,1981.280264,1.120E-29,-0.002823,0.0464,0.048,0.6700,5582.0901
5,1,1983.131428,1.713E-26,-0.003500,0.0436,0.043,0.6700,4027.0395
5,1,1983.936324,1.309E-23,-0.003500,0.0420,0.041,0.6700,2549.9620
5,1,1985.882645,1.735E-29,-0.002823,0.0469,0.050,0.6700,5484.3687
5,1,1987.923384,2.940E-26,-0.003500,0.0441,0.043,0.6700,3909.6562
5,1,1988.914218,2.486E-23,-0.003500,0.0420,0.041,0.6700,2412.6801
5,1,1990.453685,2.636E-29,-0.002823,0.0475,0.051,0.6700,5390.3747
5,1,1992.684726,4.948E-26,-0.003500,0.0446,0.045,0.6700,3796.0149
5,1,1993.862221,4.632E-23,-0.003500,0.0420,0.041,0.6700,2279.1511
5,1,1994.993239,3.926E-29,-0.002823,0.0483,0.052,0.6700,5300.1117
5,1,1997.415307,8.167E-26,-0.003500,0.0451,0.046,0.6700,3686.1198
5,1,1998.780191,8.466E-23,-0.003500,0.0425,0.041,0.6700,2149.3799
5,1,1999.501162,5.730E-29,-0.002385,0.0491,0.053,0.6700,5213.5832
5,1,2002.114985,1.322E-25,-0.003500,0.0457,0.047,0.6700,3579.9751
5,1,2003.667981,1.518E-22,-0.003500,0.0430,0.042,0.6700,2023.3715
5,1,2003.977307,8.196E-29,-0.003217,0.0500,0.054,0.6700,5130.7926
5,1,2006.783612,2.098E-25,-0.003500,0.0464,0.048,0.6700,3477.5851
5,1,2008.421529,1.149E-28,-0.002867,0.0510,0.055,0.6700,5051.7432
5,1,2008.525448,2.669E-22,-0.003500,0.0436,0.043,0.6700,1901.1308
5,1,2011.421043,3.266E-25,-0.003500,0.0469,0.050,0.6700,3378.9537
5,1,2012.833683,1.577E-28,-0.002825,0.0519,0.056,0.6700,4976.4380
5,1,2013.352446,4.604E-22,-0.003500,0.0441,0.043,0.6700,1782.6624
5,1,2016.027134,4.982E-25,-0.003500,0.0475,0.051,0.6700,3284.0846
5,1,2017.213621,2.119E-28,-0.002855,0.0527,0.057,0.6800,4904.8799
5,1,2018.148830,7.789E-22,-0.003500,0.0446,0.045,0.6700,1667.9709
5,1,2020.601738,7.449E-25,-0.002980,0.0483,0.052,0.6700,3192.9815
5,1,2021.561199,2.788E-28,-0.002790,0.0535,0.058,0.6900,4837.0717
5,1,2022.914455,1.292E-21,-0.003500,0.0451,0.046,0.6700,1557.0607
5,1,2025.144711,1.092E-24,-0.003350,0.0491,0.053,0.6700,3105.6479
5,1,2025.876269,3.590E-28,-0.002863,0.0542,0.059,0.7000,4773.0161
5,1,2027.649176,2.102E-21,-0.003500,0.0457,0.047,0.6700,1449.9359
5,1,2029.655904,1.567E-24,-0.003630,0.0500,0.054,0.6700,3022.0873
5,1,2030.158686,4.521E-28,-0.002800,0.0549,0.060,0.7100,4712.7156
5,1,2032.352848,3.351E-21,-0.003500,0.0464,0.048,0.6700,1346.6008
5,1,2034.135174,2.204E-24,-0.003050,0.0510,0.055,0.6700,2942.3028
5,1,2034.408303,5.566E-28,-0.002778,0.0555,0.061,0.7200,4656.1724
5,1,2037.025324,5.239E-21,-0.003500,0.0469,0.050,0.6700,1247.0592
5,1,2038.582374,3.036E-24,-0.003410,0.0519,0.056,0.6700,2866.2975
5,1,2038.624974,6.693E-28,-0.002718,0.0561,0.061,0.7300,4603.3889
5,1,2041.666460,8.026E-21,-0.003500,0.0475,0.051,0.6700,1151.3150
5,1,2042.808552,7.856E-28,-0.002750,0.0567,0.062,0.7400,4554.3670
5,1,2042.997357,4.094E-24,-0.003500,0.0527,0.057,0.6800,2794.0743
5,1,2046.276109,1.205E-20,-0.002980,0.0483,0.052,0.6700,1059.3718
5,1,2046.958891,8.991E-28,-0.002700,0.0573,0.063,0.7500,4509.1088
5,1,2047.379978,5.404E-24,-0.003350,0.0535,0.058,0.6900,2725.6361
5,1,2050.854126,1.773E-20,-0.003350,0.0491,0.053,0.6700,971.2332
5,1,2051.075844,1.002E-27,-0.002665,0.0580,0.064,0.7500,4467.6158
5,1,2051.730090,6.978E-24,-0.003290,0.0542,0.059,0.7000,2660.9855
5,1,2055.159265,1.085E-27,-0.002610,0.0589,0.066,0.7500,4429.8898
5,1,2055.400364,2.555E-20,-0.003630,0.0500,0.054,0.6700,886.9024
5,1,2056.047547,8.812E-24,-0.003260,0.0549,0.060,0.7100,2600.1249
5,1,2059.209006,1.140E-27,-0.002540,0.0599,0.067,0.7500,4395.9322
5,1,2059.914677,3.607E-20,-0.003050,0.0510,0.055,0.6700,806.3828
5,1,2060.332203,1.088E-23,-0.003350,0.0555,0.061,0.7200,2543.0567
5,1,2063.224922,1.158E-27,-0.002472,0.0612,0.069,0.7500,4365.7443
5,1,2064.396920,4.985E-20,-0.003410,0.0519,0.056,0.6700,729.6774
5,1,2064.583910,1.311E-23,-0.003510,0.0561,0.061,0.7300,2489.7831
5,1,2067.206865,1.130E-27,-0.002358,0.0629,0.070,0.7400,4339.3274
5,1,2068.802522,1.542E-23,-0.003410,0.0567,0.062,0.7400,2440.3062
5,1,2068.846945,6.744E-20,-0.003500,0.0527,0.057,0.6800,656.7892
5,1,2071.154689,1.054E-27,-0.002177,0.0650,0.073,0.7400,4316.6824
5,1,2072.987893,1.769E-23,-0.003620,0.0573,0.063,0.7500,2394.6279
5,1,2073.264607,8.929E-20,-0.003350,0.0535,0.058,0.6900,587.7209
5,1,2075.068247,9.256E-28,-0.001888,0.0676,0.075,0.7400,4297.8102
5,1,2077.139876,1.975E-23,-0.003570,0.0580,0.064,0.7500,2352.7499
5,1,2077.649758,1.156E-19,-0.003290,0.0542,0.059,0.7000,522.4751
5,1,2078.947391,7.485E-28,-0.001530,0.0709,0.079,0.7400,4282.7116
5,1,2081.258324,2.143E-23,-0.003590,0.0589,0.066,0.7500,2314.6739
5,1,2082.002253,1.464E-19,-0.003260,0.0549,0.060,0.7100,461.0544
5,1,2082.791976,5.282E-28,-0.001335,0.0748,0.082,0.7500,4271.3871
5,1,2085.343090,2.255E-23,-0.003580,0.0599,0.067,0.7500,2280.4012
5,1,2086.321945,1.812E-19,-0.003350,0.0555,0.061,0.7200,403.4612
5,1,2086.601854,2.745E-28,-0.001262,0.0797,0.086,0.7600,4263.8372
5,1,2089.394028,2.292E-23,-0.003490,0.0612,0.069,0.7500,2249.9334
5,1,2090.608687,2.189E-19,-0.003510,0.0561,0.061,0.7300,349.6975
5,1,2093.410991,2.241E-23,-0.003440,0.0629,0.070,0.7400,2223.2714
5,1,2094.116902,2.806E-28,-0.001793,0.0797,0.086,0.7600,4260.0622
5,1,2094.862333,2.581E-19,-0.003410,0.0567,0.062,0.7400,299.7656
5,1,2097.393832,2.091E-23,-0.003310,0.0650,0.073,0.7400,2200.4164
5,1,2097.821778,5.521E-28,-0.001955,0.0748,0.082,0.7500,4263.8372
5,1,2099.082735,2.967E-19,-0.003620,0.0573,0.063,0.7500,253.6672
5,1,2101.342404,1.839E-23,-0.003090,0.0676,0.075,0.7400,2181.3692
5,1,2101.491360,7.998E-28,-0.001990,0.0709,0.079,0.7400,4271.3871
5,1,2103.269747,3.319E-19,-0.003570,0.0580,0.064,0.7500,211.4041
5,1,2105.125500,1.011E-27,-0.001938,0.0676,0.075,0.7400,4282.7116
5,1,2105.256560,1.488E-23,-0.002030,0.0709,0.079,0.7400,2166.1305
5,1,2107.423222,3.607E-19,-0.003590,0.0589,0.066,0.7500,172.9780
5,1,2108.724053,1.177E-27,-0.001847,0.0650,0.073,0.7400,4297.8102
5,1,2109.136154,1.051E-23,-0.002660,0.0748,0.082,0.7500,2154.7010
5,1,2111.543014,3.801E-19,-0.003580,0.0599,0.067,0.7500,138.3904
5,1,2112.286871,1.291E-27,-0.001807,0.0629,0.070,0.7400,4316.6824
5,1,2112.981038,5.463E-24,-0.003010,0.0797,0.086,0.7600,2147.0811
5,1,2115.628975,3.870E-19,-0.003490,0.0612,0.069,0.7500,107.6424
5,1,2115.813807,1.351E-27,-0.001783,0.0612,0.069,0.7500,4339.3274
5,1,2119.304715,1.361E-27,-0.001760,0.0599,0.067,0.7500,4365.7443
5,1,2119.680959,3.789E-19,-0.003440,0.0629,0.070,0.7400,80.7354
5,1,2120.566089,5.586E-24,-0.002100,0.0797,0.086,0.7600,2143.2711
5,1,2122.759447,1.324E-27,-0.001710,0.0589,0.066,0.7500,4395.9322
5,1,2123.698818,3.539E-19,-0.003310,0.0650,0.073,0.7400,57.6704
5,1,2124.305963,1.099E-23,-0.002400,0.0748,0.082,0.7500,2147.0811
5,1,2126.177857,1.250E-27,-0.001685,0.0580,0.064,0.7500,4429.8898
5,1,2127.682406,3.114E-19,-0.003090,0.0676,0.075,0.7400,38.4481
5,1,2128.010540,1.591E-23,-0.002620,0.0709,0.079,0.7400,2154.7010
5,1,2129.559799,1.147E-27,-0.001660,0.0573,0.063,0.7500,4467.6158
5,1,2131.631576,2.522E-19,-0.002030,0.0709,0.079,0.7400,23.0695
5,1,2131.679673,2.011E-23,-0.002530,0.0676,0.075,0.7400,2166.1305
5,1,2132.905125,1.024E-27,-0.001650,0.0567,0.062,0.7400,4509.1088
5,1,2135.313215,2.339E-23,-0.002660,0.0650,0.073,0.7400,2181.3692
5,1,2135.546180,1.782E-19,-0.002660,0.0748,0.082,0.7500,11.5350
5,1,2136.213688,8.921E-28,-0.001707,0.0561,0.061,0.7300,4554.3670
5,1,2138.911020,2.563E-23,-0.002590,0.0629,0.070,0.7400,2200.4164
5,1,2139.426073,9.268E-20,-0.003010,0.0797,0.086,0.7600,3.8450
5,1,2139.485343,7.583E-28,-0.001768,0.0555,0.061,0.7200,4603.3889
5,1,2142.472940,2.681E-23,-0.002540,0.0612,0.069,0.7500,2223.2714
5,1,2142.719943,6.298E-28,-0.001820,0.0549,0.060,0.7100,4656.1724
5,1,2145.917341,5.112E-28,-0.001872,0.0542,0.059,0.7000,4712.7156
5,1,2145.998829,2.697E-23,-0.002600,0.0599,0.067,0.7500,2249.9334
5,1,2147.081134,9.480E-20,-0.002100,0.0797,0.086,0.7600,0.0000
5,1,2149.077390,4.059E-28,-0.002070,0.0535,0.058,0.6900,4773.0161
5,1,2149.488540,2.621E-23,-0.002420,0.0589,0.066,0.7500,2280.4012
5,1,2150.856008,1.865E-19,-0.002400,0.0748,0.082,0.7500,3.8450
5,1,2152.199945,3.153E-28,-0.002055,0.0527,0.057,0.6800,4837.0717
5,1,2152.941927,2.470E-23,-0.002550,0.0580,0.064,0.7500,2314.6739
5,1,2154.595583,2.700E-19,-0.002620,0.0709,0.079,0.7400,11.5350
5,1,2155.284858,2.398E-28,-0.002225,0.0519,0.056,0.6700,4904.8799
5,1,2156.358842,2.262E-23,-0.002540,0.0573,0.063,0.7500,2352.7499
5,1,2158.299712,3.410E-19,-0.002530,0.0676,0.075,0.7400,23.0695
5,1,2158.331984,1.786E-28,-0.002318,0.0510,0.055,0.6700,4976.4380
5,1,2159.739140,2.017E-23,-0.002500,0.0567,0.062,0.7400,2394.6279
5,1,2161.341176,1.303E-28,-0.002228,0.0500,0.054,0.6700,5051.7432
5,1,2161.968247,3.963E-19,-0.002660,0.0650,0.073,0.7400,38.4481
5,1,2163.082673,1.753E-23,-0.002580,0.0561,0.061,0.7300,2440.3062
5,1,2164.312288,9.308E-29,-0.003005,0.0491,0.053,0.6700,5130.7926
5,1,2165.601042,4.340E-19,-0.002590,0.0629,0.070,0.7400,57.6704
5,1,2166.389295,1.487E-23,-0.002590,0.0555,0.061,0.7200,2489.7831
5,1,2167.245173,6.518E-29,-0.002712,0.0483,0.052,0.6700,5213.5832
5,1,2169.197950,4.535E-19,-0.002540,0.0612,0.069,0.7500,80.7354
5,1,2169.658860,1.232E-23,-0.002640,0.0549,0.060,0.7100,2543.0567
5,1,2170.139686,4.474E-29,-0.002712,0.0475,0.051,0.6700,5300.1117
5,1,2172.758825,4.556E-19,-0.002600,0.0599,0.067,0.7500,107.6424
5,1,2172.891222,9.978E-24,-0.002690,0.0542,0.059,0.7000,2600.1249
5,1,2172.995681,3.010E-29,-0.002712,0.0469,0.050,0.6700,5390.3747
5,1,2175.813011,1.986E-29,-0.002712,0.0464,0.048,0.6700,5484.3687
5,1,2176.086233,7.901E-24,-0.002740,0.0535,0.058,0.6900,2660.9855
5,1,2176.283519,4.423E-19,-0.002420,0.0589,0.066,0.7500,138.3904
5,1,2178.591531,1.285E-29,-0.002712,0.0457,0.047,0.6700,5582.0901
5,1,2179.243748,6.121E-24,-0.002870,0.0527,0.057,0.6800,2725.6361
5,1,2179.771887,4.162E-19,-0.002550,0.0580,0.064,0.7500,172.9780
5,1,2181.331094,8.149E-30,-0.002712,0.0451,0.046,0.6700,5683.5351
5,1,2182.363620,4.641E-24,-0.002650,0.0519,0.056,0.6700,2794.0743
5,1,2183.223781,3.805E-19,-0.002540,0.0573,0.063,0.7500,211.4041
5,1,2184.031555,5.071E-30,-0.002712,0.0446,0.045,0.6700,5788.6996
5,1,2185.445703,3.445E-24,-0.002790,0.0510,0.055,0.6700,2866.2975
5,1,2186.639055,3.387E-19,-0.002500,0.0567,0.062,0.7400,253.6672
5,1,2186.692768,3.095E-30,-0.002712,0.0441,0.043,0.6700,5897.5796
5,1,2188.489851,2.504E-24,-0.003130,0.0500,0.054,0.6700,2942.3028
5,1,2189.314587,1.853E-30,-0.002712,0.0436,0.043,0.6700,6010.1709
5,1,2190.017563,2.938E-19,-0.002580,0.0561,0.061,0.7300,299.7656
5,1,2191.495919,1.783E-24,-0.003140,0.0491,0.053,0.6700,3022.0873
5,1,2191.896867,1.089E-30,-0.002712,0.0430,0.042,0.6700,6126.4691
5,1,2193.359157,2.487E-19,-0.002590,0.0555,0.061,0.7200,349.6975
5,1,2194.439462,6.275E-31,-0.002712,0.0425,0.041,0.6700,6246.4695
5,1,2194.463759,1.244E-24,-0.002780,0.0483,0.052,0.6700,3105.6479
5,1,2196.663693,2.056E-19,-0.002640,0.0549,0.060,0.7100,403.4612
5,1,2196.942226,3.549E-31,-0.002712,0.0420,0.041,0.6700,6370.1677
5,1,2197.393227,8.508E-25,-0.002880,0.0475,0.051,0.6700,3192.9815
5,1,2199.405015,1.970E-31,-0.002712,0.0420,0.041,0.6700,6497.5586
5,1,2199.931023,1.660E-19,-0.002690,0.0542,0.059,0.7000,461.0544
5,1,2200.284176,5.701E-25,-0.002680,0.0469,0.050,0.6700,3284.0846
5,1,2201.827683,1.073E-31,-0.002712,0.0420,0.041,0.6700,6628.6374
5,1,2203.136460,3.745E-25,-0.003000,0.0464,0.048,0.6700,3378.9537
5,1,2203.161001,1.311E-19,-0.002740,0.0535,0.058,0.6900,522.4751
5,1,2205.949934,2.412E-25,-0.003000,0.0457,0.047,0.6700,3477.5851
5,1,2206.353482,1.013E-19,-0.002870,0.0527,0.057,0.6800,587.7209
5,1,2208.724452,1.523E-25,-0.003000,0.0451,0.046,0.6700,3579.9751
5,1,2209.508319,7.657E-20,-0.002650,0.0519,0.056,0.6700,656.7892
5,1,2211.459869,9.435E-26,-0.003000,0.0446,0.045,0.6700,3686.1198
5,1,2212.625365,5.666E-20,-0.002790,0.0510,0.055,0.6700,729.6774
5,1,2214.156039,5.731E-26,-0.003000,0.0441,0.043,0.6700,3796.0149
5,1,2215.704476,4.105E-20,-0.003130,0.0500,0.054,0.6700,806.3828
5,1,2216.812816,3.414E-26,-0.003000,0.0436,0.043,0.6700,3909.6562
5,1,2218.745505,2.913E-20,-0.003140,0.0491,0.053,0.6700,886.9024
5,1,2219.430056,1.995E-26,-0.003000,0.0430,0.042,0.6700,4027.0395
5,1,2221.748306,2.025E-20,-0.002780,0.0483,0.052,0.6700,971.2332
5,1,2222.007612,1.144E-26,-0.003000,0.0425,0.041,0.6700,4148.1601
5,1,2224.545341,6.435E-27,-0.003000,0.0420,0.041,0.6700,4273.0133
5,1,2224.712734,1.379E-20,-0.002880,0.0475,0.051,0.6700,1059.3718
5,1,2227.043097,3.551E-27,-0.003000,0.0420,0.041,0.6700,4401.5943
5,1,2227.638643,9.206E-21,-0.002680,0.0469,0.050,0.6700,1151.3150
5,1,2229.500734,1.923E-27,-0.003000,0.0420,0.041,0.6700,4533.8983
5,1,2230.525888,6.022E-21,-0.003000,0.0464,0.048,0.6700,1247.0592
5,1,2231.918108,1.022E-27,-0.003000,0.0420,0.041,0.6700,4669.9200
5,1,2233.374323,3.862E-21,-0.003000,0.0457,0.047,0.6700,1346.6008
5,1,2234.295073,5.331E-28,-0.003000,0.0420,0.041,0.6700,4809.6541
5,1,2236.183803,2.428E-21,-0.003000,0.0451,0.046,0.6700,1449.9359
5,1,2236.631486,2.729E-28,-0.003000,0.0420,0.041,0.6700,4953.0954
5,1,2238.927200,1.371E-28,-0.003000,0.0420,0.041,0.6700,5100.2382
5,1,2238.954182,1.497E-21,-0.003000,0.0446,0.045,0.6700,1557.0607
5,1,2241.182072,6.761E-29,-0.003000,0.0420,0.041,0.6700,5251.0769
5,1,2241.685315,9.046E-22,-0.003000,0.0441,0.043,0.6700,1667.9709
5,1,2243.395957,3.273E-29,-0.003000,0.0420,0.041,0.6700,5405.6056
5,1,2244.377056,5.362E-22,-0.003000,0.0436,0.043,0.6700,1782.6624
5,1,2245.568710,1.555E-29,-0.003000,0.0420,0.041,0.6700,5563.8184
5,1,2247.029262,3.117E-22,-0.003000,0.0430,0.042,0.6700,1901.1308
5,1,2247.700187,7.257E-30,-0.003000,0.0420,0.041,0.6700,5725.7090
5,1,2249.641788,1.778E-22,-0.003000,0.0425,0.041,0.6700,2023.3715
5,1,2249.790242,3.324E-30,-0.003000,0.0420,0.041,0.6700,5891.2714
5,1,2251.838733,1.495E-30,-0.003000,0.0420,0.041,0.6700,6060.4990
5,1,2252.214487,9.944E-23,-0.003000,0.0420,0.041,0.6700,2149.3799
5,1,2253.845514,6.602E-31,-0.003000,0.0420,0.041,0.6700,6233.3853
5,1,2254.747216,5.457E-23,-0.003000,0.0420,0.041,0.6700,2279.1511
5,1,2255.810441,2.863E-31,-0.003000,0.0420,0.041,0.6700,6409.9236
5,1,2257.239829,2.938E-23,-0.003000,0.0420,0.041,0.6700,2412.6801
5,1,2257.733370,1.219E-31,-0.003000,0.0420,0.041,0.6700,6590.1071
5,1,2259.692183,1.552E-23,-0.003000,0.0420,0.041,0.6700,2549.9620
5,1,2262.104132,8.044E-24,-0.003000,0.0420,0.041,0.6700,2690.9913
5,1,2264.475532,4.091E-24,-0.003000,0.0420,0.041,0.6700,2835.7627
5,1,2266.806239,2.042E-24,-0.003000,0.0420,0.041,0.6700,2984.2707
5,1,2269.096108,1.000E-24,-0.003000,0.0420,0.041,0.6700,3136.5095
5,1,2271.344996,4.809E-25,-0.003000,0.0420,0.041,0.6700,3292.4734
5,1,2273.552757,2.269E-25,-0.003000,0.0420,0.041,0.6700,3452.1563
5,1,2275.719249,1.051E-25,-0.003000,0.0420,0.041,0.6700,3615.5521
5,1,2277.844326,4.779E-26,-0.003000,0.0420,0.041,0.6700,3782.6546
5,1,2279.927846,2.133E-26,-0.003000,0.0420,0.041,0.6700,3953.4574
5,1,2281.969664,9.347E-27,-0.003000,0.0420,0.041,0.6700,4127.9539
5,1,2283.969636,4.021E-27,-0.003000,0.0420,0.041,0.6700,4306.1375
5,1,2285.927619,1.699E-27,-0.003000,0.0420,0.041,0.6700,4488.0012
5,1,2287.843469,7.045E-28,-0.003000,0.0420,0.041,0.6700,4673.5381
5,1,2289.717042,2.869E-28,-0.003000,0.0420,0.041,0.6700,4862.7411
5,1,2291.548195,1.147E-28,-0.003000,0.0420,0.041,0.6700,5055.6029
5,1,2293.336784,4.506E-29,-0.003000,0.0420,0.041,0.6700,5252.1162
5,1,2295.082667,1.738E-29,-0.003000,0.0420,0.041,0.6700,5452.2733
5,1,2296.785698,6.582E-30,-0.003000,0.0420,0.041,0.6700,5656.0666
5,1,2298.445736,2.449E-30,-0.003000,0.0420,0.041,0.6700,5863.4883
5,1,2300.062637,8.949E-31,-0.003000,0.0420,0.041,0.6700,6074.5304
5,1,2301.636256,3.212E-31,-0.003000,0.0420,0.041,0.6700,6289.1847
5,1,2303.166452,1.133E-31,-0.003000,0.0420,0.041,0.6700,6507.4431
5,1,3970.718034,2.264E-31,-0.005000,0.0420,0.041,0.7400,5252.1162
5,1,3977.940024,5.796E-31,-0.005000,0.0420,0.041,0.7400,5055.6029
5,1,3985.099380,1.457E-30,-0.005000,0.0420,0.041,0.7400,4862.7411
5,1,3988.681183,1.282E-31,-0.005000,0.0420,0.041,0.7000,5563.8184
5,1,3992.195964,3.598E-30,-0.005000,0.0420,0.041,0.7400,4673.5381
5,1,3995.235519,2.712E-31,-0.005000,0.0420,0.041,0.7000,5405.6056
5,1,3999.229636,8.723E-30,-0.005000,0.0420,0.041,0.7400,4488.0012
5,1,4001.725809,5.633E-31,-0.005000,0.0420,0.041,0.7000,5251.0769
5,1,4006.200258,2.076E-29,-0.005000,0.0420,0.041,0.7400,4306.1375
5,1,4008.151913,1.149E-30,-0.005000,0.0420,0.041,0.7000,5100.2382
5,1,4013.107689,4.854E-29,-0.005000,0.0420,0.041,0.7400,4127.9539
5,1,4014.513688,2.299E-30,-0.005000,0.0420,0.041,0.7000,4953.0954
5,1,4019.951789,1.114E-28,-0.005000,0.0420,0.041,0.7400,3953.4574
5,1,4020.810991,4.517E-30,-0.005000,0.0420,0.041,0.7000,4809.6541
5,1,4026.732418,2.510E-28,-0.005000,0.0420,0.041,0.7400,3782.6546
5,1,4027.043680,8.710E-30,-0.005000,0.0420,0.041,0.7000,4669.9200
5,1,4028.392595,1.005E-31,-0.005590,0.0457,0.048,0.7000,5683.5351
5,1,4033.211613,1.648E-29,-0.005000,0.0420,0.041,0.7000,4533.8983
5,1,4033.449435,5.551E-28,-0.005000,0.0420,0.041,0.7400,3615.5521
5,1,4033.936141,1.592E-31,-0.005590,0.0464,0.049,0.7100,5582.0901
5,1,4039.314646,3.061E-29,-0.005000,0.0420,0.041,0.7000,4401.5943
5,1,4039.413489,2.475E-31,-0.005590,0.0469,0.050,0.7100,5484.3687
5,1,4040.102697,1.205E-27,-0.005000,0.0420,0.041,0.7400,3452.1563
5,1,4044.824495,3.771E-31,-0.005590,0.0475,0.051,0.7200,5390.3747
5,1,4045.352635,5.577E-29,-0.005000,0.0425,0.041,0.7000,4273.0133
5,1,4046.692065,2.569E-27,-0.005000,0.0420,0.041,0.7400,3292.4734
5,1,4050.169014,5.633E-31,-0.005590,0.0484,0.052,0.7200,5300.1117
5,1,4051.325438,9.970E-29,-0.005000,0.0430,0.042,0.7000,4148.1601
5,1,4053.217395,5.374E-27,-0.005000,0.0420,0.041,0.7400,3136.5095
5,1,4055.446900,8.247E-31,-0.005080,0.0491,0.053,0.7300,5213.5832
5,1,4057.232911,1.749E-28,-0.005000,0.0436,0.043,0.7000,4027.0395
5,1,4059.678545,1.103E-26,-0.005000,0.0420,0.041,0.7400,2984.2707
5,1,4060.658009,1.183E-30,-0.005940,0.0502,0.054,0.7300,5130.7926
5,1,4063.074909,3.009E-28,-0.005000,0.0441,0.043,0.7000,3909.6562
5,1,4065.802194,1.664E-30,-0.005460,0.0503,0.055,0.7400,5051.7432
5,1,4066.075373,2.223E-26,-0.005000,0.0420,0.041,0.7400,2835.7627
5,1,4068.851287,5.080E-28,-0.005000,0.0446,0.046,0.7000,3796.0149
5,1,4070.879311,2.291E-30,-0.005350,0.0513,0.056,0.7400,4976.4380
5,1,4072.407736,4.397E-26,-0.005000,0.0420,0.041,0.7400,2690.9913
5,1,4074.561902,8.410E-28,-0.005000,0.0451,0.047,0.7000,3686.1198
5,1,4075.889213,3.090E-30,-0.005310,0.0519,0.057,0.7500,4904.8799
5,1,4078.675491,8.532E-26,-0.005000,0.0420,0.041,0.7400,2549.9620
5,1,4080.206608,1.365E-27,-0.005000,0.0457,0.048,0.7000,3579.9751
5,1,4080.831756,4.079E-30,-0.005220,0.0529,0.058,0.7500,4837.0717
5,1,4084.878494,1.625E-25,-0.005000,0.0420,0.041,0.7400,2412.6801
5,1,4085.706792,5.270E-30,-0.005230,0.0536,0.059,0.7600,4773.0161
5,1,4085.785262,2.174E-27,-0.005000,0.0464,0.049,0.7100,3477.5851
5,1,4090.514176,6.659E-30,-0.005110,0.0545,0.060,0.7600,4712.7156
5,1,4091.016602,3.035E-25,-0.005000,0.0420,0.041,0.7400,2279.1511
5,1,4091.297718,3.394E-27,-0.005000,0.0469,0.050,0.7100,3378.9537
5,1,4095.253762,8.225E-30,-0.005050,0.0552,0.061,0.7700,4656.1724
5,1,4096.743830,5.193E-27,-0.005000,0.0475,0.051,0.7200,3284.0846
5,1,4097.089671,5.563E-25,-0.005000,0.0425,0.041,0.7400,2149.3799
5,1,4099.925403,9.926E-30,-0.004930,0.0559,0.062,0.7800,4603.3889
5,1,4102.123454,7.790E-27,-0.005587,0.0484,0.052,0.7200,3192.9815
5,1,4103.097556,1.000E-24,-0.005000,0.0430,0.042,0.7400,2023.3715
5,1,4104.528953,1.169E-29,-0.004950,0.0566,0.063,0.7800,4554.3670
5,1,4107.436444,1.145E-26,-0.005084,0.0491,0.053,0.7300,3105.6479
5,1,4109.040115,1.764E-24,-0.005000,0.0436,0.043,0.7400,1901.1308
5,1,4109.064265,1.343E-29,-0.004880,0.0573,0.064,0.7900,4509.1088
5,1,4112.682654,1.650E-26,-0.005939,0.0502,0.054,0.7300,3022.0873
5,1,4113.531195,1.502E-29,-0.004840,0.0579,0.065,0.7900,4467.6158
5,1,4114.917200,3.052E-24,-0.005000,0.0441,0.043,0.7400,1782.6624
5,1,4117.861938,2.328E-26,-0.005465,0.0503,0.055,0.7400,2942.3028
5,1,4117.929593,1.633E-29,-0.004770,0.0587,0.066,0.7900,4429.8898
5,1,4120.728658,5.179E-24,-0.005000,0.0446,0.046,0.7400,1667.9709
5,1,4122.259315,1.721E-29,-0.004690,0.0596,0.067,0.7900,4395.9322
5,1,4122.974151,3.217E-26,-0.005354,0.0513,0.056,0.7400,2866.2975
5,1,4126.474366,8.617E-24,-0.005000,0.0451,0.047,0.7400,1557.0607
5,1,4126.520213,1.754E-29,-0.004600,0.0608,0.068,0.7800,4365.7443
5,1,4128.019146,4.353E-26,-0.005312,0.0519,0.057,0.7500,2794.0743
5,1,4130.712142,1.719E-29,-0.004440,0.0625,0.070,0.7700,4339.3274
5,1,4132.154167,1.406E-23,-0.005000,0.0457,0.048,0.7400,1449.9359
5,1,4132.996778,5.764E-26,-0.005224,0.0529,0.058,0.7500,2725.6361
5,1,4134.834953,1.608E-29,-0.004190,0.0649,0.072,0.7600,4316.6824
5,1,4137.767916,2.249E-23,-0.005000,0.0464,0.049,0.7400,1346.6008
5,1,4137.906900,7.469E-26,-0.005228,0.0536,0.059,0.7600,2660.9855
5,1,4138.888500,1.418E-29,-0.003800,0.0679,0.075,0.7600,4297.8102
5,1,4142.749366,9.464E-26,-0.005105,0.0545,0.060,0.7600,2600.1249
5,1,4142.872637,1.151E-29,-0.003290,0.0713,0.078,0.7700,4282.7116
5,1,4143.315466,3.526E-23,-0.005000,0.0469,0.050,0.7400,1247.0592
5,1,4146.787216,8.157E-30,-0.002980,0.0752,0.082,0.7700,4271.3871
5,1,4147.524030,1.172E-25,-0.005048,0.0552,0.061,0.7700,2543.0567
5,1,4148.796673,5.420E-23,-0.005000,0.0475,0.051,0.7400,1151.3150
5,1,4150.632092,4.256E-30,-0.002790,0.0805,0.088,0.7800,4263.8372
5,1,4152.230745,1.418E-25,-0.004926,0.0559,0.062,0.7800,2489.7831
5,1,4154.211390,8.164E-23,-0.005587,0.0484,0.052,0.7400,1059.3718
5,1,4156.869364,1.674E-25,-0.004952,0.0566,0.063,0.7800,2440.3062
5,1,4158.112142,4.385E-30,-0.003320,0.0804,0.088,0.7800,4260.0622
5,1,4159.559472,1.205E-22,-0.005084,0.0491,0.053,0.7400,971.2332
5,1,4161.439741,1.927E-25,-0.004877,0.0573,0.064,0.7900,2394.6279
5,1,4161.747023,8.661E-30,-0.003600,0.0753,0.082,0.7800,4263.8372
5,1,4164.840773,1.742E-22,-0.005939,0.0502,0.054,0.7400,886.9024
5,1,4165.311613,1.260E-29,-0.003750,0.0713,0.078,0.7700,4271.3871
5,1,4165.941729,2.159E-25,-0.004840,0.0579,0.065,0.7900,2352.7499
5,1,4168.805764,1.599E-29,-0.003850,0.0679,0.075,0.7600,4282.7116
5,1,4170.055146,2.468E-22,-0.005465,0.0503,0.055,0.7400,806.3828
5,1,4170.375182,2.352E-25,-0.004770,0.0587,0.066,0.7900,2314.6739
5,1,4172.229329,1.869E-29,-0.003860,0.0648,0.072,0.7600,4297.8102
5,1,4174.739953,2.483E-25,-0.004689,0.0596,0.067,0.7900,2280.4012
5,1,4175.202446,3.422E-22,-0.005354,0.0513,0.056,0.7400,729.6774
5,1,4175.582162,2.058E-29,-0.003890,0.0624,0.070,0.7700,4316.6824
5,1,4178.864116,2.164E-29,-0.003910,0.0607,0.068,0.7800,4339.3274
5,1,4179.035895,2.534E-25,-0.004604,0.0608,0.068,0.7800,2249.9334
5,1,4180.282526,4.646E-22,-0.005312,0.0519,0.057,0.7600,656.7892
5,1,4182.075043,2.188E-29,-0.003910,0.0595,0.066,0.7900,4365.7443
5,1,4183.262861,2.487E-25,-0.004443,0.0625,0.070,0.7700,2223.2714
5,1,4185.214797,2.138E-29,-0.003870,0.0585,0.065,0.7900,4395.9322
5,1,4185.295240,6.172E-22,-0.005224,0.0529,0.058,0.7600,587.7209
5,1,4187.420705,2.329E-25,-0.004182,0.0649,0.072,0.7600,2200.4164
5,1,4188.283232,2.027E-29,-0.003860,0.0578,0.064,0.7800,4429.8898
5,1,4190.240441,8.022E-22,-0.005228,0.0536,0.059,0.7600,522.4751
5,1,4191.280199,1.867E-29,-0.003840,0.0571,0.063,0.7800,4467.6158
5,1,4191.509279,2.056E-25,-0.003803,0.0679,0.075,0.7600,2181.3692
5,1,4194.205553,1.675E-29,-0.003850,0.0564,0.062,0.7700,4509.1088
5,1,4195.117982,1.019E-21,-0.005105,0.0545,0.060,0.7600,461.0544
5,1,4195.528436,1.670E-25,-0.003292,0.0713,0.078,0.7700,2166.1305
5,1,4197.059147,1.465E-29,-0.003920,0.0557,0.062,0.7700,4554.3670
5,1,4199.478031,1.184E-25,-0.002983,0.0752,0.082,0.7700,2154.7010
5,1,4199.840834,1.251E-29,-0.004040,0.0550,0.061,0.7600,4603.3889
5,1,4199.927718,1.266E-21,-0.005048,0.0552,0.061,0.7700,403.4612
5,1,4202.550466,1.043E-29,-0.004130,0.0542,0.060,0.7600,4656.1724
5,1,4203.357916,6.181E-26,-0.002787,0.0805,0.088,0.7800,2147.0811
5,1,4204.669501,1.535E-21,-0.004926,0.0559,0.062,0.7800,349.6975
5,1,4205.187898,8.507E-30,-0.004240,0.0535,0.059,0.7500,4712.7156
5,1,4207.752983,6.785E-30,-0.004500,0.0526,0.058,0.7500,4773.0161
5,1,4209.343184,1.816E-21,-0.004952,0.0566,0.063,0.7800,299.7656
5,1,4210.245573,5.295E-30,-0.004510,0.0518,0.057,0.7400,4837.0717
5,1,4210.907967,6.371E-26,-0.003323,0.0804,0.088,0.7800,2143.2711
5,1,4212.665523,4.045E-30,-0.004750,0.0510,0.056,0.7400,4904.8799
5,1,4213.948622,2.095E-21,-0.004877,0.0573,0.064,0.7900,253.6672
5,1,4214.577840,1.258E-25,-0.003602,0.0753,0.082,0.7800,2147.0811
5,1,4215.012686,3.026E-30,-0.004910,0.0502,0.055,0.7300,4976.4380
5,1,4217.286914,2.217E-30,-0.004950,0.0495,0.053,0.7300,5051.7432
5,1,4218.177415,1.830E-25,-0.003751,0.0713,0.078,0.7700,2154.7010
5,1,4218.485666,2.353E-21,-0.004840,0.0579,0.065,0.7900,211.4041
5,1,4219.488062,1.592E-30,-0.005700,0.0488,0.052,0.7200,5130.7926
5,1,4221.615983,1.120E-30,-0.005480,0.0475,0.051,0.7200,5213.5832
5,1,4221.706546,2.322E-25,-0.003855,0.0679,0.075,0.7600,2166.1305
5,1,4222.954171,2.567E-21,-0.004770,0.0587,0.066,0.7900,172.9780
5,1,4223.670530,7.721E-31,-0.005480,0.0466,0.050,0.7100,5300.1117
5,1,4225.165085,2.711E-25,-0.003855,0.0648,0.072,0.7600,2181.3692
5,1,4225.651557,5.220E-31,-0.005480,0.0469,0.049,0.7100,5390.3747
5,1,4227.353988,2.715E-21,-0.004689,0.0596,0.067,0.7900,138.3904
5,1,4227.558918,3.460E-31,-0.005480,0.0464,0.048,0.7000,5484.3687
5,1,4228.552886,2.984E-25,-0.003886,0.0624,0.070,0.7700,2200.4164
5,1,4229.392465,2.249E-31,-0.005480,0.0457,0.047,0.7000,5582.0901
5,1,4231.152052,1.433E-31,-0.005480,0.0451,0.047,0.7000,5683.5351
5,1,4231.684972,2.775E-21,-0.004604,0.0608,0.068,0.7800,107.6424
5,1,4231.869803,3.134E-25,-0.003913,0.0607,0.068,0.7800,2223.2714
5,1,4235.115687,3.166E-25,-0.003913,0.0595,0.066,0.7900,2249.9334
5,1,4235.946976,2.727E-21,-0.004443,0.0625,0.070,0.7700,80.7354
5,1,4238.290394,3.090E-25,-0.003870,0.0585,0.065,0.7900,2280.4012
5,1,4240.139851,2.557E-21,-0.004182,0.0649,0.072,0.7600,57.6704
5,1,4241.393775,2.924E-25,-0.003862,0.0578,0.064,0.7800,2314.6739
5,1,4244.263453,2.259E-21,-0.003803,0.0679,0.075,0.7600,38.4481
5,1,4244.425684,2.690E-25,-0.003836,0.0571,0.063,0.7800,2352.7499
5,1,4247.385975,2.409E-25,-0.003849,0.0564,0.062,0.7700,2394.6279
5,1,4248.317632,1.837E-21,-0.003292,0.0713,0.078,0.7700,23.0695
5,1,4250.274500,2.103E-25,-0.003922,0.0557,0.062,0.7700,2440.3062
5,1,4252.302244,1.303E-21,-0.002983,0.0752,0.082,0.7700,11.5350
5,1,4253.091114,1.792E-25,-0.004041,0.0550,0.061,0.7600,2489.7831
5,1,4255.835670,1.491E-25,-0.004125,0.0542,0.060,0.7600,2543.0567
5,1,4256.217139,6.802E-22,-0.002787,0.0805,0.088,0.7800,3.8450
5,1,4258.508021,1.213E-25,-0.004235,0.0535,0.059,0.7500,2600.1249
5,1,4261.108022,9.647E-26,-0.004498,0.0526,0.058,0.7500,2660.9855
5,1,4263.635524,7.508E-26,-0.004506,0.0518,0.057,0.7400,2725.6361
5,1,4263.837197,7.014E-22,-0.003323,0.0804,0.088,0.7800,0.0000
5,1,4266.090383,5.718E-26,-0.004754,0.0510,0.056,0.7400,2794.0743
5,1,4267.542065,1.385E-21,-0.003602,0.0753,0.082,0.7800,3.8450
5,1,4268.472452,4.264E-26,-0.004905,0.0502,0.055,0.7300,2866.2975
5,1,4270.781585,3.114E-26,-0.004946,0.0495,0.053,0.7300,2942.3028
5,1,4271.176630,2.014E-21,-0.003751,0.0713,0.078,0.7700,11.5350
5,1,4273.017634,2.228E-26,-0.005703,0.0488,0.052,0.7200,3022.0873
5,1,4274.740746,2.554E-21,-0.003855,0.0679,0.075,0.7600,23.0695
5,1,4275.180455,1.562E-26,-0.005478,0.0475,0.051,0.7200,3105.6479
5,1,4277.269901,1.073E-26,-0.005955,0.0466,0.050,0.7100,3192.9815
5,1,4278.234264,2.981E-21,-0.003855,0.0648,0.072,0.7600,38.4481
5,1,4279.285826,7.224E-27,-0.005200,0.0469,0.049,0.7100,3284.0846
5,1,4281.228084,4.768E-27,-0.005200,0.0464,0.048,0.7000,3378.9537
5,1,4281.657040,3.278E-21,-0.003886,0.0624,0.070,0.7700,57.6704
5,1,4283.096528,3.086E-27,-0.005200,0.0457,0.047,0.7000,3477.5851
5,1,4284.891014,1.958E-27,-0.005200,0.0451,0.047,0.7000,3579.9751
5,1,4285.008925,3.440E-21,-0.003913,0.0607,0.068,0.7800,80.7354
5,1,4286.611394,1.219E-27,-0.005200,0.0446,0.046,0.7000,3686.1198
5,1,4288.257523,7.437E-28,-0.005200,0.0441,0.045,0.7000,3796.0149
5,1,4288.289774,3.471E-21,-0.003913,0.0595,0.066,0.7900,107.6424
5,1,4289.829253,4.453E-28,-0.005200,0.0436,0.043,0.7000,3909.6562
5,1,4291.326442,2.615E-28,-0.005200,0.0430,0.042,0.7000,4027.0395
5,1,4291.499439,3.384E-21,-0.003870,0.0585,0.065,0.7900,138.3904
5,1,4292.748942,1.507E-28,-0.005200,0.0425,0.041,0.7000,4148.1601
5,1,4294.096607,8.517E-29,-0.005200,0.0420,0.041,0.7000,4273.0133
5,1,4294.637774,3.198E-21,-0.003862,0.0578,0.064,0.7800,172.9780
5,1,4295.369292,4.724E-29,-0.005200,0.0420,0.041,0.7000,4401.5943
5,1,4296.566850,2.571E-29,-0.005200,0.0420,0.041,0.7000,4533.8983
5,1,4297.689135,1.373E-29,-0.005200,0.0420,0.041,0.7000,4669.9200
5,1,4297.704633,2.937E-21,-0.003836,0.0571,0.063,0.7800,211.4041
5,1,4298.736003,7.200E-30,-0.005200,0.0420,0.041,0.7000,4809.6541
5,1,4299.707306,3.704E-30,-0.005200,0.0420,0.041,0.7000,4953.0954
5,1,4300.602899,1.871E-30,-0.005200,0.0420,0.041,0.7000,5100.2382
5,1,4300.699869,2.625E-21,-0.003849,0.0564,0.062,0.7700,253.6672
5,1,4301.422637,9.273E-31,-0.005200,0.0420,0.041,0.7000,5251.0769
5,1,4302.166372,4.513E-31,-0.005200,0.0420,0.041,0.7000,5405.6056
5,1,4302.833960,2.156E-31,-0.005200,0.0420,0.041,0.7000,5563.8184
5,1,4303.425254,1.011E-31,-0.005200,0.0420,0.041,0.7000,5725.7090
5,1,4303.623335,2.288E-21,-0.003922,0.0557,0.062,0.7700,299.7656
5,1,4306.474886,1.945E-21,-0.004041,0.0550,0.061,0.7600,349.6975
5,1,4309.254375,1.615E-21,-0.004125,0.0542,0.060,0.7600,403.4612
5,1,4311.961655,1.310E-21,-0.004235,0.0535,0.059,0.7500,461.0544
5,1,4314.596582,1.040E-21,-0.004498,0.0526,0.058,0.7500,522.4751
5,1,4317.159007,8.067E-22,-0.004506,0.0518,0.057,0.7500,587.7209
5,1,4319.648786,6.126E-22,-0.004754,0.0510,0.056,0.7400,656.7892
5,1,4322.065772,4.554E-22,-0.004905,0.0502,0.055,0.7300,729.6774
5,1,4324.409820,3.315E-22,-0.004946,0.0495,0.053,0.7500,806.3828
5,1,4326.680783,2.363E-22,-0.005703,0.0488,0.052,0.7400,886.9024
5,1,4328.878516,1.651E-22,-0.005478,0.0475,0.051,0.7400,971.2332
5,1,4331.002873,1.130E-22,-0.005955,0.0466,0.050,0.7400,1059.3718
5,1,4333.053708,7.576E-23,-0.005200,0.0469,0.049,0.7400,1151.3150
5,1,4335.030876,4.980E-23,-0.005200,0.0464,0.048,0.7400,1247.0592
5,1,4336.934231,3.209E-23,-0.005200,0.0457,0.047,0.7400,1346.6008
5,1,4338.763628,2.027E-23,-0.005200,0.0451,0.047,0.7400,1449.9359
5,1,4340.518921,1.256E-23,-0.005200,0.0446,0.046,0.7400,1557.0607
5,1,4342.199965,7.627E-24,-0.005200,0.0441,0.045,0.7400,1667.9709
5,1,4343.806614,4.543E-24,-0.005200,0.0436,0.043,0.7400,1782.6624
5,1,4345.338724,2.654E-24,-0.005200,0.0430,0.042,0.7400,1901.1308
5,1,4346.796148,1.521E-24,-0.005200,0.0425,0.041,0.7400,2023.3715
5,1,4348.178742,8.552E-25,-0.005200,0.0420,0.041,0.7400,2149.3799
5,1,4349.486361,4.717E-25,-0.005200,0.0420,0.041,0.7400,2279.1511
5,1,4350.718859,2.552E-25,-0.005200,0.0420,0.041,0.7400,2412.6801
5,1,4351.876114,1.355E-25,-0.005200,0.0420,0.041,0.7400,2549.9620
5,1,4352.957935,7.060E-26,-0.005200,0.0420,0.041,0.7400,2690.9913
5,1,4353.964199,3.610E-26,-0.005200,0.0420,0.041,0.7400,2835.7627
5,1,4354.894762,1.811E-26,-0.005200,0.0420,0.041,0.7400,2984.2707
5,1,4355.749478,8.917E-27,-0.005200,0.0420,0.041,0.7400,3136.5095
5,1,4356.528202,4.310E-27,-0.005200,0.0420,0.041,0.7400,3292.4734
5,1,4357.230789,2.044E-27,-0.005200,0.0420,0.041,0.7400,3452.1563
5,1,4357.857094,9.519E-28,-0.005200,0.0420,0.041,0.7400,3615.5521
5,1,4358.406971,4.351E-28,-0.005200,0.0420,0.041,0.7400,3782.6546
5,1,4358.880275,1.952E-28,-0.005200,0.0420,0.041,0.7400,3953.4574
5,1,4359.276862,8.601E-29,-0.005200,0.0420,0.041,0.7400,4127.9539
5,1,4359.596585,3.720E-29,-0.005200,0.0420,0.041,0.7400,4306.1375
5,1,4359.839299,1.580E-29,-0.005200,0.0420,0.041,0.7400,4488.0012
5,1,4359.892647,1.661E-31,-0.005200,0.0420,0.041,0.7400,5452.2733
5,1,4360.004860,6.588E-30,-0.005200,0.0420,0.041,0.7400,4673.5381
5,1,4360.037160,4.284E-31,-0.005200,0.0420,0.041,0.7400,5252.1162
5,1,4360.093120,2.698E-30,-0.005200,0.0420,0.041,0.7400,4862.7411
5,1,4360.103936,1.085E-30,-0.005200,0.0420,0.041,0.7400,5055.6029
5,1,6067.257555,2.177E-31,-0.007600,0.0420,0.041,0.6700,4127.9539
5,1,6075.676857,5.023E-31,-0.007600,0.0420,0.041,0.6700,3953.4574
5,1,6076.417604,1.096E-31,-0.007600,0.0420,0.041,0.6700,4533.8983
5,1,6083.710649,2.046E-31,-0.007600,0.0420,0.041,0.6700,4401.5943
5,1,6083.997668,1.138E-30,-0.007600,0.0420,0.041,0.6700,3782.6546
5,1,6090.903642,3.748E-31,-0.007600,0.0425,0.041,0.6700,4273.0133
5,1,6092.219850,2.530E-30,-0.007600,0.0420,0.041,0.6700,3615.5521
5,1,6097.996442,6.739E-31,-0.007600,0.0430,0.042,0.6700,4148.1601
5,1,6100.343262,5.523E-30,-0.007600,0.0420,0.041,0.6700,3452.1563
5,1,6104.988904,1.189E-30,-0.007600,0.0436,0.043,0.6700,4027.0395
5,1,6108.367764,1.184E-29,-0.007600,0.0420,0.041,0.6700,3292.4734
5,1,6111.880887,2.057E-30,-0.007600,0.0441,0.043,0.6700,3909.6562
5,1,6116.293215,2.489E-29,-0.007600,0.0420,0.041,0.6700,3136.5095
5,1,6118.672245,3.491E-30,-0.007600,0.0446,0.045,0.6700,3796.0149
5,1,6124.119475,5.140E-29,-0.007600,0.0420,0.041,0.6700,2984.2707
5,1,6125.362836,5.812E-30,-0.007600,0.0451,0.046,0.6700,3686.1198
5,1,6131.846401,1.041E-28,-0.007600,0.0420,0.041,0.6700,2835.7627
5,1,6131.952515,9.491E-30,-0.007600,0.0457,0.047,0.6700,3579.9751
5,1,6138.441139,1.520E-29,-0.007600,0.0464,0.048,0.6700,3477.5851
5,1,6139.473852,2.071E-28,-0.007600,0.0420,0.041,0.6700,2690.9913
5,1,6139.972194,1.153E-31,-0.007150,0.0567,0.062,0.7400,4554.3670
5,1,6144.828562,2.386E-29,-0.007600,0.0469,0.050,0.6700,3378.9537
5,1,6144.892444,1.332E-31,-0.007060,0.0573,0.063,0.7500,4509.1088
5,1,6147.001686,4.041E-28,-0.007600,0.0420,0.041,0.6700,2549.9620
5,1,6149.709316,1.499E-31,-0.007015,0.0580,0.064,0.7500,4467.6158
5,1,6151.114640,3.672E-29,-0.007600,0.0475,0.051,0.6700,3284.0846
5,1,6154.422662,1.639E-31,-0.006930,0.0589,0.066,0.7500,4429.8898
5,1,6154.429760,7.739E-28,-0.007600,0.0420,0.041,0.6700,2412.6801
5,1,6157.299229,5.541E-29,-0.007600,0.0483,0.052,0.6700,3192.9815
5,1,6159.032337,1.738E-31,-0.006840,0.0599,0.067,0.7500,4395.9322
5,1,6161.757932,1.454E-27,-0.007600,0.0420,0.041,0.6700,2279.1511
5,1,6163.382182,8.193E-29,-0.007600,0.0491,0.053,0.6700,3105.6479
5,1,6163.538194,1.782E-31,-0.006727,0.0612,0.069,0.7500,4365.7443
5,1,6167.940087,1.757E-31,-0.006523,0.0629,0.070,0.7400,4339.3274
5,1,6168.986057,2.681E-27,-0.007600,0.0425,0.041,0.6700,2149.3799
5,1,6169.363355,1.187E-28,-0.007200,0.0500,0.054,0.6700,3022.0873
5,1,6172.237868,1.654E-31,-0.006202,0.0650,0.073,0.7400,4316.6824
5,1,6175.242603,1.685E-28,-0.006500,0.0510,0.055,0.6700,2942.3028
5,1,6176.114000,4.848E-27,-0.007600,0.0430,0.042,0.6700,2023.3715
5,1,6176.431391,1.467E-31,-0.005713,0.0676,0.075,0.7400,4297.8102
5,1,6180.520510,1.198E-31,-0.005050,0.0709,0.079,0.7400,4282.7116
5,1,6181.019795,2.342E-28,-0.005900,0.0519,0.056,0.6700,2866.2975
5,1,6183.141570,8.601E-27,-0.007600,0.0436,0.043,0.6700,1901.1308
5,1,6186.694637,3.188E-28,-0.007400,0.0527,0.057,0.6800,2794.0743
5,1,6190.068725,1.497E-26,-0.007600,0.0441,0.043,0.6700,1782.6624
5,1,6192.267335,4.248E-28,-0.006900,0.0535,0.058,0.6900,2725.6361
5,1,6196.895230,2.554E-26,-0.007600,0.0446,0.045,0.6700,1667.9709
5,1,6197.737423,5.537E-28,-0.007000,0.0542,0.059,0.7000,2660.9855
5,1,6202.854504,1.360E-31,-0.005510,0.0709,0.079,0.7400,4271.3871
5,1,6203.104895,7.058E-28,-0.007400,0.0549,0.060,0.7100,2600.1249
5,1,6203.620948,4.275E-26,-0.007600,0.0451,0.046,0.6700,1557.0607
5,1,6206.208679,1.737E-31,-0.005763,0.0676,0.075,0.7400,4282.7116
5,1,6208.369461,8.795E-28,-0.007300,0.0555,0.061,0.7200,2543.0567
5,1,6209.457274,2.042E-31,-0.005872,0.0650,0.073,0.7400,4297.8102
5,1,6210.245763,7.017E-26,-0.007600,0.0457,0.047,0.6700,1449.9359
5,1,6212.600143,2.263E-31,-0.005973,0.0629,0.070,0.7400,4316.6824
5,1,6213.531242,1.070E-27,-0.006900,0.0561,0.061,0.7300,2489.7831
5,1,6215.637138,2.394E-31,-0.006038,0.0612,0.069,0.7500,4339.3274
5,1,6216.769557,1.129E-25,-0.007600,0.0464,0.048,0.6700,1346.6008
5,1,6218.568112,2.436E-31,-0.006060,0.0599,0.067,0.7500,4365.7443
5,1,6218.589748,1.271E-27,-0.006800,0.0567,0.062,0.7400,2440.3062
5,1,6221.392919,2.395E-31,-0.006030,0.0589,0.066,0.7500,4395.9322
5,1,6223.192140,1.781E-25,-0.007600,0.0469,0.050,0.6700,1247.0592
5,1,6223.545119,1.472E-27,-0.006800,0.0573,0.063,0.7500,2394.6279
5,1,6224.111411,2.284E-31,-0.006035,0.0580,0.064,0.7500,4429.8898
5,1,6226.723441,2.118E-31,-0.006020,0.0573,0.063,0.7500,4467.6158
5,1,6228.397089,1.660E-27,-0.006600,0.0580,0.064,0.7500,2352.7499
5,1,6229.228862,1.912E-31,-0.006050,0.0567,0.062,0.7400,4509.1088
5,1,6229.513368,2.755E-25,-0.007600,0.0475,0.051,0.6700,1151.3150
5,1,6231.627528,1.683E-31,-0.006132,0.0561,0.061,0.7300,4554.3670
5,1,6233.145526,1.819E-27,-0.006700,0.0589,0.066,0.7500,2314.6739
5,1,6233.919291,1.446E-31,-0.006313,0.0555,0.061,0.7200,4603.3889
5,1,6235.733098,4.175E-25,-0.007600,0.0483,0.052,0.6700,1059.3718
5,1,6236.104004,1.214E-31,-0.006440,0.0549,0.060,0.7100,4656.1724
5,1,6237.790261,1.933E-27,-0.006700,0.0599,0.067,0.7500,2280.4012
5,1,6241.851218,6.199E-25,-0.007600,0.0491,0.053,0.6700,971.2332
5,1,6242.331155,1.985E-27,-0.006400,0.0612,0.069,0.7500,2249.9334
5,1,6246.768175,1.960E-27,-0.006000,0.0629,0.070,0.7400,2223.2714
5,1,6247.867513,9.019E-25,-0.007200,0.0500,0.054,0.6700,886.9024
5,1,6251.100895,1.847E-27,-0.006100,0.0650,0.073,0.7400,2200.4164
5,1,6253.781898,1.285E-24,-0.006500,0.0510,0.055,0.6700,806.3828
5,1,6255.329532,1.641E-27,-0.005300,0.0676,0.075,0.7400,2181.3692
5,1,6259.453727,1.341E-27,-0.004800,0.0709,0.079,0.7400,2166.1305
5,1,6259.594212,1.793E-24,-0.005900,0.0519,0.056,0.6700,729.6774
5,1,6263.473213,9.568E-28,-0.004100,0.0748,0.082,0.7500,2154.7010
5,1,6265.304308,2.450E-24,-0.007400,0.0527,0.057,0.6800,656.7892
5,1,6267.388043,5.025E-28,-0.004900,0.0797,0.086,0.7600,2147.0811
5,1,6270.912047,3.275E-24,-0.006900,0.0535,0.058,0.6900,587.7209
5,1,6274.903207,5.246E-28,-0.003100,0.0797,0.086,0.7600,2143.2711
5,1,6276.417256,4.283E-24,-0.007000,0.0542,0.059,0.7000,522.4751
5,1,6278.503029,1.043E-27,-0.003700,0.0748,0.082,0.7500,2147.0811
5,1,6281.819773,5.477E-24,-0.007400,0.0549,0.060,0.7100,461.0544
5,1,6281.997688,1.526E-27,-0.004900,0.0709,0.079,0.7400,2154.7010
5,1,6285.386843,1.948E-27,-0.005100,0.0676,0.075,0.7400,2166.1305
5,1,6287.119539,6.844E-24,-0.007300,0.0555,0.061,0.7200,403.4612
5,1,6288.670386,2.290E-27,-0.005100,0.0650,0.073,0.7400,2181.3692
5,1,6291.848208,2.536E-27,-0.005500,0.0629,0.070,0.7400,2200.4164
5,1,6292.316330,8.352E-24,-0.006900,0.0561,0.061,0.7300,349.6975
5,1,6294.920111,2.681E-27,-0.005500,0.0612,0.069,0.7500,2223.2714
5,1,6297.410000,9.946E-24,-0.006800,0.0567,0.062,0.7400,299.7656
5,1,6297.886023,2.726E-27,-0.005700,0.0599,0.067,0.7500,2249.9334
5,1,6300.745763,2.678E-27,-0.006000,0.0589,0.066,0.7500,2280.4012
5,1,6302.400477,1.155E-23,-0.006800,0.0573,0.063,0.7500,253.6672
5,1,6303.499142,2.550E-27,-0.005800,0.0580,0.064,0.7500,2314.6739
5,1,6306.146093,2.361E-27,-0.006000,0.0573,0.063,0.7500,2352.7499
5,1,6307.287520,1.305E-23,-0.006600,0.0580,0.064,0.7500,211.4041
5,1,6308.686383,2.128E-27,-0.006100,0.0567,0.062,0.7400,2394.6279
5,1,6311.119977,1.870E-27,-0.006000,0.0561,0.061,0.7300,2440.3062
5,1,6312.071029,1.433E-23,-0.006700,0.0589,0.066,0.7500,172.9780
5,1,6313.446622,1.604E-27,-0.006300,0.0555,0.061,0.7200,2489.7831
5,1,6315.666195,1.343E-27,-0.006400,0.0549,0.060,0.7100,2543.0567
5,1,6316.750848,1.525E-23,-0.006700,0.0599,0.067,0.7500,138.3904
5,1,6317.778566,1.100E-27,-0.006400,0.0542,0.059,0.7000,2600.1249
5,1,6319.783685,8.804E-28,-0.006700,0.0535,0.058,0.6900,2660.9855
5,1,6321.326849,1.569E-23,-0.006400,0.0612,0.069,0.7500,107.6424
5,1,6321.681161,6.896E-28,-0.007100,0.0527,0.057,0.6800,2725.6361
5,1,6323.471020,5.287E-28,-0.008000,0.0519,0.056,0.6700,2794.0743
5,1,6325.153390,3.968E-28,-0.008000,0.0510,0.055,0.6700,2866.2975
5,1,6325.798857,1.551E-23,-0.006000,0.0629,0.070,0.7400,80.7354
5,1,6326.727362,2.917E-28,-0.008000,0.0500,0.054,0.6700,2942.3028
5,1,6328.193409,2.101E-28,-0.008000,0.0491,0.053,0.6700,3022.0873
5,1,6329.551265,1.482E-28,-0.008000,0.0483,0.052,0.6700,3105.6479
5,1,6330.166716,1.464E-23,-0.006100,0.0650,0.073,0.7400,57.6704
5,1,6330.800904,1.025E-28,-0.008000,0.0475,0.051,0.6700,3192.9815
5,1,6331.941703,6.947E-29,-0.008000,0.0469,0.050,0.6700,3284.0846
5,1,6332.973991,4.616E-29,-0.008000,0.0464,0.048,0.6700,3378.9537
5,1,6333.897463,3.007E-29,-0.008000,0.0457,0.047,0.6700,3477.5851
5,1,6334.430342,1.302E-23,-0.005300,0.0676,0.075,0.7400,38.4481
5,1,6334.711972,1.921E-29,-0.008000,0.0451,0.046,0.6700,3579.9751
5,1,6335.417372,1.203E-29,-0.008000,0.0446,0.045,0.6700,3686.1198
5,1,6336.013515,7.392E-30,-0.008000,0.0441,0.043,0.6700,3796.0149
5,1,6336.500257,4.455E-30,-0.008000,0.0436,0.043,0.6700,3909.6562
5,1,6336.877449,2.634E-30,-0.008000,0.0430,0.042,0.6700,4027.0395
5,1,6337.115032,1.430E-31,-0.008000,0.0420,0.041,0.6700,4669.9200
5,1,6337.144945,1.528E-30,-0.008000,0.0425,0.041,0.6700,4148.1601
5,1,6337.287789,2.660E-31,-0.008000,0.0420,0.041,0.6700,4533.8983
5,1,6337.302599,8.693E-31,-0.008000,0.0420,0.041,0.6700,4273.0133
5,1,6337.350262,4.854E-31,-0.008000,0.0420,0.041,0.6700,4401.5943
5,1,6338.589513,1.065E-23,-0.004800,0.0709,0.079,0.7400,23.0695
5,1,6342.644120,7.607E-24,-0.004100,0.0748,0.082,0.7500,11.5350
5,1,6346.594019,3.998E-24,-0.004900,0.0797,0.086,0.7600,3.8450
5,1,6354.179077,4.177E-24,-0.003100,0.0797,0.086,0.7600,0.0000
5,1,6357.813951,8.303E-24,-0.003700,0.0748,0.082,0.7500,3.8450
5,1,6361.343496,1.215E-23,-0.004900,0.0709,0.079,0.7400,11.5350
5,1,6364.767625,1.551E-23,-0.005100,0.0676,0.075,0.7400,23.0695
5,1,6368.086139,1.823E-23,-0.005100,0.0650,0.073,0.7400,38.4481
5,1,6371.298912,2.018E-23,-0.005500,0.0629,0.070,0.7400,57.6704
5,1,6374.405801,2.131E-23,-0.005500,0.0612,0.069,0.7500,80.7354
5,1,6377.406631,2.165E-23,-0.005700,0.0599,0.067,0.7500,107.6424
5,1,6380.301304,2.124E-23,-0.006000,0.0589,0.066,0.7500,138.3904
5,1,6383.089615,2.021E-23,-0.005800,0.0580,0.064,0.7500,172.9780
5,1,6385.771467,1.868E-23,-0.006000,0.0573,0.063,0.7500,211.4041
5,1,6388.346703,1.681E-23,-0.006100,0.0567,0.062,0.7400,253.6672
5,1,6390.815157,1.475E-23,-0.006000,0.0561,0.061,0.7300,299.7656
5,1,6393.176699,1.262E-23,-0.006300,0.0555,0.061,0.7200,349.6975
5,1,6395.431189,1.055E-23,-0.006400,0.0549,0.060,0.7100,403.4612
5,1,6397.578443,8.620E-24,-0.006400,0.0542,0.059,0.7000,461.0544
5,1,6399.618362,6.884E-24,-0.006700,0.0535,0.058,0.6900,522.4751
5,1,6401.550782,5.379E-24,-0.007100,0.0527,0.057,0.6800,587.7209
5,1,6403.375541,4.112E-24,-0.008000,0.0519,0.056,0.6700,656.7892
5,1,6405.092514,3.078E-24,-0.008000,0.0510,0.055,0.6700,729.6774
5,1,6406.701553,2.255E-24,-0.008000,0.0500,0.054,0.6700,806.3828
5,1,6407.338131,1.301E-31,-0.008000,0.0420,0.041,0.6700,4488.0012
5,1,6408.202500,1.619E-24,-0.008000,0.0491,0.053,0.6700,886.9024
5,1,6408.810713,3.042E-31,-0.008000,0.0420,0.041,0.6700,4306.1375
5,1,6409.595198,1.138E-24,-0.008000,0.0483,0.052,0.6700,971.2332
5,1,6410.171260,6.985E-31,-0.008000,0.0420,0.041,0.6700,4127.9539
5,1,6410.879558,7.843E-25,-0.008000,0.0475,0.051,0.6700,1059.3718
5,1,6411.419918,1.575E-30,-0.008000,0.0420,0.041,0.6700,3953.4574
5,1,6412.055352,5.295E-25,-0.008000,0.0469,0.050,0.6700,1151.3150
5,1,6412.556836,3.485E-30,-0.008000,0.0420,0.041,0.6700,3782.6546
5,1,6413.122503,3.504E-25,-0.008000,0.0464,0.048,0.6700,1247.0592
5,1,6413.582161,7.573E-30,-0.008000,0.0420,0.041,0.6700,3615.5521
5,1,6414.080824,2.273E-25,-0.008000,0.0457,0.047,0.6700,1346.6008
5,1,6414.496039,1.615E-29,-0.008000,0.0420,0.041,0.6700,3452.1563
5,1,6414.930182,1.446E-25,-0.008000,0.0451,0.046,0.6700,1449.9359
5,1,6415.298617,3.382E-29,-0.008000,0.0420,0.041,0.6700,3292.4734
5,1,6415.670438,9.018E-26,-0.008000,0.0446,0.045,0.6700,1557.0607
5,1,6415.990163,6.950E-29,-0.008000,0.0420,0.041,0.6700,3136.5095
5,1,6416.301440,5.515E-26,-0.008000,0.0441,0.043,0.6700,1667.9709
5,1,6416.570446,1.402E-28,-0.008000,0.0420,0.041,0.6700,2984.2707
5,1,6416.823044,3.308E-26,-0.008000,0.0436,0.043,0.6700,1782.6624
5,1,6417.040000,2.775E-28,-0.008000,0.0420,0.041,0.6700,2835.7627
5,1,6417.235084,1.946E-26,-0.008000,0.0430,0.042,0.6700,1901.1308
5,1,6417.398816,5.391E-28,-0.008000,0.0420,0.041,0.6700,2690.9913
5,1,6417.537471,1.123E-26,-0.008000,0.0425,0.041,0.6700,2023.3715
5,1,6417.647097,1.028E-27,-0.008000,0.0420,0.041,0.6700,2549.9620
5,1,6417.730002,6.355E-27,-0.008000,0.0420,0.041,0.6700,2149.3799
5,1,6417.785009,1.923E-27,-0.008000,0.0420,0.041,0.6700,2412.6801
5,1,6417.812474,3.529E-27,-0.008000,0.0420,0.041,0.6700,2279.1511
5,1,8171.272298,1.227E-31,-0.011125,0.0420,0.041,0.6700,2835.7627
5,1,8179.208924,1.021E-31,-0.011125,0.0475,0.051,0.6700,3284.0846
5,1,8180.194792,2.529E-31,-0.011125,0.0420,0.041,0.6700,2690.9913
5,1,8186.198414,1.579E-31,-0.011125,0.0483,0.052,0.6700,3192.9815
5,1,8188.982657,5.113E-31,-0.011125,0.0420,0.041,0.6700,2549.9620
5,1,8193.051269,2.393E-31,-0.010470,0.0491,0.053,0.6700,3105.6479
5,1,8197.635752,1.014E-30,-0.011125,0.0420,0.041,0.6700,2412.6801
5,1,8199.767345,3.552E-31,-0.011385,0.0500,0.054,0.6700,3022.0873
5,1,8206.153935,1.972E-30,-0.011125,0.0420,0.041,0.6700,2279.1511
5,1,8206.346497,5.165E-31,-0.010645,0.0510,0.055,0.6700,2942.3028
5,1,8212.788580,7.352E-31,-0.010400,0.0519,0.056,0.6700,2866.2975
5,1,8214.537065,3.761E-30,-0.011125,0.0425,0.041,0.6700,2149.3799
5,1,8219.093449,1.024E-30,-0.010220,0.0527,0.057,0.6800,2794.0743
5,1,8222.784997,7.031E-30,-0.011125,0.0430,0.042,0.6700,2023.3715
5,1,8225.260958,1.397E-30,-0.010080,0.0535,0.058,0.6900,2725.6361
5,1,8230.897591,1.289E-29,-0.011125,0.0436,0.043,0.6700,1901.1308
5,1,8231.290961,1.863E-30,-0.009965,0.0542,0.059,0.7000,2660.9855
5,1,8237.183314,2.429E-30,-0.009730,0.0549,0.060,0.7100,2600.1249
5,1,8238.874703,2.317E-29,-0.011125,0.0441,0.043,0.6700,1782.6624
5,1,8242.937870,3.095E-30,-0.009595,0.0555,0.061,0.7200,2543.0567
5,1,8246.716188,4.082E-29,-0.011125,0.0446,0.045,0.6700,1667.9709
5,1,8248.554482,3.851E-30,-0.009355,0.0561,0.061,0.7300,2489.7831
5,1,8254.033006,4.675E-30,-0.009350,0.0567,0.062,0.7400,2440.3062
5,1,8254.421903,7.049E-29,-0.011125,0.0451,0.046,0.6700,1557.0607
5,1,8259.373294,5.532E-30,-0.009240,0.0573,0.063,0.7500,2394.6279
5,1,8261.991704,1.193E-28,-0.011125,0.0457,0.047,0.6700,1449.9359
5,1,8264.575201,6.371E-30,-0.009190,0.0580,0.064,0.7500,2352.7499
5,1,8269.425448,1.979E-28,-0.011125,0.0464,0.048,0.6700,1346.6008
5,1,8269.638580,7.130E-30,-0.009090,0.0589,0.066,0.7500,2314.6739
5,1,8274.563284,7.735E-30,-0.008990,0.0599,0.067,0.7500,2280.4012
5,1,8276.722988,3.217E-28,-0.011125,0.0469,0.050,0.6700,1247.0592
5,1,8279.349167,8.108E-30,-0.008855,0.0612,0.069,0.7500,2249.9334
5,1,8283.884181,5.123E-28,-0.011125,0.0475,0.051,0.6700,1151.3150
5,1,8283.996082,8.171E-30,-0.008605,0.0629,0.070,0.7400,2223.2714
5,1,8288.503883,7.857E-30,-0.008215,0.0650,0.073,0.7400,2200.4164
5,1,8290.908881,7.993E-28,-0.011125,0.0483,0.052,0.6700,1059.3718
5,1,8292.872423,7.119E-30,-0.007625,0.0676,0.075,0.7400,2181.3692
5,1,8297.101555,5.935E-30,-0.006810,0.0709,0.079,0.7400,2166.1305
5,1,8297.796944,1.221E-27,-0.010470,0.0491,0.053,0.6700,971.2332
5,1,8301.191133,4.317E-30,-0.006270,0.0748,0.082,0.7500,2154.7010
5,1,8304.548223,1.828E-27,-0.011385,0.0500,0.054,0.6700,886.9024
5,1,8305.141009,2.311E-30,-0.005845,0.0797,0.086,0.7600,2147.0811
5,1,8311.162574,2.677E-27,-0.010645,0.0510,0.055,0.6700,806.3828
5,1,8312.621068,2.505E-30,-0.006375,0.0797,0.086,0.7600,2143.2711
5,1,8316.150958,5.073E-30,-0.006890,0.0748,0.082,0.7500,2147.0811
5,1,8317.639850,3.840E-27,-0.010400,0.0519,0.056,0.6700,729.6774
5,1,8319.540559,7.561E-30,-0.007270,0.0709,0.079,0.7400,2154.7010
5,1,8322.789724,9.833E-30,-0.007675,0.0676,0.075,0.7400,2166.1305
5,1,8323.979906,5.388E-27,-0.010220,0.0527,0.057,0.6800,656.7892
5,1,8325.898306,1.177E-29,-0.007885,0.0650,0.073,0.7400,2181.3692
5,1,8328.866158,1.326E-29,-0.008055,0.0629,0.070,0.7400,2200.4164
5,1,8330.182595,7.397E-27,-0.010080,0.0535,0.058,0.6900,587.7209
5,1,8331.693133,1.427E-29,-0.008165,0.0612,0.069,0.7500,2223.2714
5,1,8334.379085,1.476E-29,-0.008210,0.0599,0.067,0.7500,2249.9334
5,1,8336.247772,9.930E-27,-0.009965,0.0542,0.059,0.7000,522.4751
5,1,8336.923865,1.475E-29,-0.008190,0.0589,0.066,0.7500,2280.4012
5,1,8339.327328,1.429E-29,-0.008210,0.0580,0.064,0.7500,2314.6739
5,1,8341.589326,1.346E-29,-0.008200,0.0573,0.063,0.7500,2352.7499
5,1,8342.175289,1.303E-26,-0.009730,0.0549,0.060,0.7100,461.0544
5,1,8343.709712,1.233E-29,-0.008250,0.0567,0.062,0.7400,2394.6279
5,1,8345.688340,1.102E-29,-0.008345,0.0561,0.061,0.7300,2440.3062
5,1,8347.525062,9.604E-30,-0.008585,0.0555,0.061,0.7200,2489.7831
5,1,8347.965002,1.670E-26,-0.009595,0.0555,0.061,0.7200,403.4612
5,1,8349.219731,8.175E-30,-0.008750,0.0549,0.060,0.7100,2543.0567
5,1,8350.772201,6.801E-30,-0.008975,0.0542,0.059,0.7000,2600.1249
5,1,8352.182324,5.532E-30,-0.009360,0.0535,0.058,0.6900,2660.9855
5,1,8353.449953,4.401E-30,-0.009420,0.0527,0.057,0.6800,2725.6361
5,1,8353.616763,2.090E-26,-0.009355,0.0561,0.061,0.7300,349.6975
5,1,8354.574942,3.427E-30,-0.009800,0.0519,0.056,0.6700,2794.0743
5,1,8355.557143,2.612E-30,-0.010095,0.0510,0.055,0.6700,2866.2975
5,1,8356.396410,1.950E-30,-0.010395,0.0500,0.054,0.6700,2942.3028
5,1,8357.092594,1.425E-30,-0.011090,0.0491,0.053,0.6700,3022.0873
5,1,8357.645549,1.021E-30,-0.011015,0.0483,0.052,0.6700,3105.6479
5,1,8358.055128,7.164E-31,-0.011015,0.0475,0.051,0.6700,3192.9815
5,1,8358.256737,1.422E-31,-0.011015,0.0451,0.046,0.6700,3579.9751
5,1,8358.321184,4.927E-31,-0.011015,0.0469,0.050,0.6700,3284.0846
5,1,8358.422136,2.195E-31,-0.011015,0.0457,0.047,0.6700,3477.5851
5,1,8358.443569,3.321E-31,-0.011015,0.0464,0.048,0.6700,3378.9537
5,1,8359.130425,2.551E-26,-0.009350,0.0567,0.062,0.7400,299.7656
5,1,8364.505842,3.035E-26,-0.009240,0.0573,0.063,0.7500,253.6672
5,1,8369.742868,3.513E-26,-0.009190,0.0580,0.064,0.7500,211.4041
5,1,8374.841356,3.950E-26,-0.009090,0.0589,0.066,0.7500,172.9780
5,1,8379.801158,4.305E-26,-0.008990,0.0599,0.067,0.7500,138.3904
5,1,8384.622129,4.531E-26,-0.008855,0.0612,0.069,0.7500,107.6424
5,1,8389.304120,4.584E-26,-0.008605,0.0629,0.070,0.7400,80.7354
5,1,8393.846986,4.425E-26,-0.008215,0.0650,0.073,0.7400,57.6704
5,1,8398.250579,4.023E-26,-0.007625,0.0676,0.075,0.7400,38.4481
5,1,8402.514753,3.365E-26,-0.006810,0.0709,0.079,0.7400,23.0695
5,1,8406.639360,2.455E-26,-0.006270,0.0748,0.082,0.7500,11.5350
5,1,8410.624254,1.318E-26,-0.005845,0.0797,0.086,0.7600,3.8450
5,1,8418.174313,1.436E-26,-0.006375,0.0797,0.086,0.7600,0.0000
5,1,8421.739185,2.914E-26,-0.006890,0.0748,0.082,0.7500,3.8450
5,1,8425.163756,4.352E-26,-0.007270,0.0709,0.079,0.7400,11.5350
5,1,8428.447880,5.669E-26,-0.007675,0.0676,0.075,0.7400,23.0695
5,1,8431.591408,6.793E-26,-0.007885,0.0650,0.073,0.7400,38.4481
5,1,8434.594195,7.669E-26,-0.008055,0.0629,0.070,0.7400,57.6704
5,1,8437.456094,8.259E-26,-0.008165,0.0612,0.069,0.7500,80.7354
5,1,8440.176958,8.550E-26,-0.008210,0.0599,0.067,0.7500,107.6424
5,1,8442.756641,8.551E-26,-0.008190,0.0589,0.066,0.7500,138.3904
5,1,8445.194994,8.288E-26,-0.008210,0.0580,0.064,0.7500,172.9780
5,1,8445.416363,1.106E-31,-0.011015,0.0420,0.041,0.6700,3452.1563
5,1,8447.491873,7.804E-26,-0.008200,0.0573,0.063,0.7500,211.4041
5,1,8447.724082,2.286E-31,-0.011015,0.0420,0.041,0.6700,3292.4734
5,1,8449.647130,7.152E-26,-0.008250,0.0567,0.062,0.7400,253.6672
5,1,8449.885628,4.636E-31,-0.011015,0.0420,0.041,0.6700,3136.5095
5,1,8451.660619,6.387E-26,-0.008345,0.0561,0.061,0.7300,299.7656
5,1,8451.901148,9.225E-31,-0.011015,0.0420,0.041,0.6700,2984.2707
5,1,8453.532194,5.565E-26,-0.008585,0.0555,0.061,0.7200,349.6975
5,1,8453.770792,1.802E-30,-0.011015,0.0420,0.041,0.6700,2835.7627
5,1,8455.261706,4.734E-26,-0.008750,0.0549,0.060,0.7100,403.4612
5,1,8455.494706,3.452E-30,-0.011015,0.0420,0.041,0.6700,2690.9913
5,1,8456.849012,3.935E-26,-0.008975,0.0542,0.059,0.7000,461.0544
5,1,8457.073038,6.492E-30,-0.011015,0.0420,0.041,0.6700,2549.9620
5,1,8458.293962,3.197E-26,-0.009360,0.0535,0.058,0.6900,522.4751
5,1,8458.505937,1.198E-29,-0.011015,0.0420,0.041,0.6700,2412.6801
5,1,8459.596412,2.541E-26,-0.009420,0.0527,0.057,0.6800,587.7209
5,1,8459.793549,2.167E-29,-0.011015,0.0420,0.041,0.6700,2279.1511
5,1,8460.756215,1.975E-26,-0.009800,0.0519,0.056,0.6700,656.7892
5,1,8460.936021,3.848E-29,-0.011015,0.0420,0.041,0.6700,2149.3799
5,1,8461.773225,1.503E-26,-0.010095,0.0510,0.055,0.6700,729.6774
5,1,8461.933501,6.701E-29,-0.011015,0.0425,0.041,0.6700,2023.3715
5,1,8462.647294,1.120E-26,-0.010395,0.0500,0.054,0.6700,806.3828
5,1,8462.786136,1.145E-28,-0.011015,0.0430,0.042,0.6700,1901.1308
5,1,8463.378277,8.169E-27,-0.011090,0.0491,0.053,0.6700,886.9024
5,1,8463.494073,1.917E-28,-0.011015,0.0436,0.043,0.6700,1782.6624
5,1,8463.966027,5.837E-27,-0.011015,0.0483,0.052,0.6700,971.2332
5,1,8464.057458,3.150E-28,-0.011015,0.0441,0.043,0.6700,1667.9709
5,1,8464.410398,4.086E-27,-0.011015,0.0475,0.051,0.6700,1059.3718
5,1,8464.476439,5.075E-28,-0.011015,0.0446,0.045,0.6700,1557.0607
5,1,8464.711243,2.803E-27,-0.011015,0.0469,0.050,0.6700,1151.3150
5,1,8464.751161,8.015E-28,-0.011015,0.0451,0.046,0.6700,1449.9359
5,1,8464.868417,1.884E-27,-0.011015,0.0464,0.048,0.6700,1247.0592
5,1,8464.881771,1.241E-27,-0.011015,0.0457,0.047,0.6700,1346.6008
5,1,10224.274083,1.301E-31,-0.013892,0.0420,0.041,0.6700,2279.1511
5,1,10233.812149,2.300E-31,-0.013892,0.0425,0.041,0.6700,2149.3799
5,1,10243.180012,3.987E-31,-0.013892,0.0430,0.042,0.6700,2023.3715
5,1,10252.377528,6.774E-31,-0.013892,0.0436,0.043,0.6700,1901.1308
5,1,10261.404556,1.128E-30,-0.013892,0.0441,0.043,0.6700,1782.6624
5,1,10270.260953,1.840E-30,-0.013892,0.0446,0.045,0.6700,1667.9709
5,1,10278.946576,2.942E-30,-0.013892,0.0451,0.046,0.6700,1557.0607
5,1,10287.461283,4.607E-30,-0.013892,0.0457,0.047,0.6700,1449.9359
5,1,10295.804929,7.065E-30,-0.013892,0.0464,0.048,0.6700,1346.6008
5,1,10303.977371,1.061E-29,-0.013892,0.0469,0.050,0.6700,1247.0592
5,1,10311.978465,1.561E-29,-0.013892,0.0475,0.051,0.6700,1151.3150
5,1,10319.808066,2.247E-29,-0.013892,0.0483,0.052,0.6700,1059.3718
5,1,10327.466031,3.166E-29,-0.013165,0.0491,0.053,0.6700,971.2332
5,1,10334.952213,4.364E-29,-0.014107,0.0500,0.054,0.6700,886.9024
5,1,10342.266468,5.885E-29,-0.013238,0.0510,0.055,0.6700,806.3828
5,1,10349.408651,7.760E-29,-0.012925,0.0519,0.056,0.6700,729.6774
5,1,10356.378616,1.000E-28,-0.012675,0.0527,0.057,0.6800,656.7892
5,1,10363.176217,1.260E-28,-0.012510,0.0535,0.058,0.6900,587.7209
5,1,10369.801309,1.549E-28,-0.012332,0.0542,0.059,0.7000,522.4751
5,1,10376.253747,1.860E-28,-0.012040,0.0549,0.060,0.7100,461.0544
5,1,10382.533383,2.179E-28,-0.011868,0.0555,0.061,0.7200,403.4612
5,1,10388.640071,2.487E-28,-0.011567,0.0561,0.061,0.7300,349.6975
5,1,10394.573666,2.764E-28,-0.011550,0.0567,0.062,0.7400,299.7656
5,1,10400.334021,2.988E-28,-0.011420,0.0573,0.063,0.7500,253.6672
5,1,10405.920990,3.137E-28,-0.011365,0.0580,0.064,0.7500,211.4041
5,1,10411.334425,3.193E-28,-0.011250,0.0589,0.066,0.7500,172.9780
5,1,10416.574180,3.141E-28,-0.011140,0.0599,0.067,0.7500,138.3904
5,1,10421.640109,2.977E-28,-0.010983,0.0612,0.069,0.7500,107.6424
5,1,10426.532065,2.705E-28,-0.010688,0.0629,0.070,0.7400,80.7354
5,1,10431.249901,2.337E-28,-0.010228,0.0650,0.073,0.7400,57.6704
5,1,10435.793470,1.895E-28,-0.009538,0.0676,0.075,0.7400,38.4481
5,1,10440.162626,1.408E-28,-0.008570,0.0709,0.079,0.7400,23.0695
5,1,10444.357221,9.092E-29,-0.007915,0.0748,0.082,0.7500,11.5350
5,1,10448.377109,4.299E-29,-0.007373,0.0797,0.086,0.7600,3.8450
5,1,10455.892174,3.574E-29,-0.007902,0.0797,0.086,0.7600,0.0000
5,1,10459.387058,6.276E-29,-0.008535,0.0748,0.082,0.7500,3.8450
5,1,10462.706648,8.050E-29,-0.009030,0.0709,0.079,0.7400,11.5350
5,1,10465.850795,8.930E-29,-0.009588,0.0676,0.075,0.7400,23.0695
5,1,10468.819353,9.025E-29,-0.009898,0.0650,0.073,0.7400,38.4481
5,1,10471.612176,8.494E-29,-0.010138,0.0629,0.070,0.7400,57.6704
5,1,10474.229116,7.525E-29,-0.010293,0.0612,0.069,0.7500,80.7354
5,1,10476.670027,6.307E-29,-0.010360,0.0599,0.067,0.7500,107.6424
5,1,10478.934762,5.009E-29,-0.010350,0.0589,0.066,0.7500,138.3904
5,1,10481.023173,3.764E-29,-0.010385,0.0580,0.064,0.7500,172.9780
5,1,10482.935115,2.666E-29,-0.010380,0.0573,0.063,0.7500,211.4041
5,1,10483.889087,1.432E-31,-0.013782,0.0436,0.043,0.6700,1782.6624
5,1,10484.670439,1.766E-29,-0.010450,0.0567,0.062,0.7400,253.6672
5,1,10485.537395,2.038E-31,-0.013782,0.0441,0.043,0.6700,1667.9709
5,1,10486.229000,1.081E-29,-0.010557,0.0561,0.061,0.7300,299.7656
5,1,10487.006292,2.804E-31,-0.013782,0.0446,0.045,0.6700,1557.0607
5,1,10487.610651,5.972E-30,-0.010858,0.0555,0.061,0.7200,349.6975
5,1,10488.295926,3.721E-31,-0.013782,0.0451,0.046,0.6700,1449.9359
5,1,10488.815244,2.855E-30,-0.011060,0.0549,0.060,0.7100,403.4612
5,1,10489.406445,4.742E-31,-0.013782,0.0457,0.047,0.6700,1346.6008
5,1,10489.842634,1.075E-30,-0.011342,0.0542,0.059,0.7000,461.0544
5,1,10490.337995,5.775E-31,-0.013782,0.0464,0.048,0.6700,1247.0592
5,1,10490.692672,2.400E-31,-0.011790,0.0535,0.058,0.6900,522.4751
5,1,10491.090725,6.674E-31,-0.013782,0.0469,0.050,0.6700,1151.3150
5,1,10491.664781,7.244E-31,-0.013782,0.0475,0.051,0.6700,1059.3718
5,1,10492.060311,7.265E-31,-0.013782,0.0483,0.052,0.6700,971.2332
5,1,10492.177214,2.934E-31,-0.012688,0.0510,0.055,0.6700,729.6774
5,1,10492.277462,6.550E-31,-0.013785,0.0491,0.053,0.6700,886.9024
5,1,10492.316381,5.040E-31,-0.013118,0.0500,0.054,0.6700,806.3828
5,1,12247.652574,1.239E-31,-0.016660,0.0436,0.043,0.6700,1901.1308
5,1,12257.729439,2.101E-31,-0.016660,0.0441,0.043,0.6700,1782.6624
5,1,12267.600667,3.493E-31,-0.016660,0.0446,0.045,0.6700,1667.9709
5,1,12277.266118,5.694E-31,-0.016660,0.0451,0.046,0.6700,1557.0607
5,1,12286.725651,9.101E-31,-0.016660,0.0457,0.047,0.6700,1449.9359
5,1,12295.979122,1.426E-30,-0.016660,0.0464,0.048,0.6700,1346.6008
5,1,12305.026389,2.189E-30,-0.016660,0.0469,0.050,0.6700,1247.0592
5,1,12313.867309,3.294E-30,-0.016660,0.0475,0.051,0.6700,1151.3150
5,1,12322.501738,4.856E-30,-0.016660,0.0483,0.052,0.6700,1059.3718
5,1,12330.929532,7.014E-30,-0.015860,0.0491,0.053,0.6700,971.2332
5,1,12339.150547,9.921E-30,-0.016830,0.0500,0.054,0.6700,886.9024
5,1,12347.165730,1.374E-29,-0.015830,0.0510,0.055,0.6700,806.3828
5,1,12354.972240,1.863E-29,-0.015450,0.0519,0.056,0.6700,729.6774
5,1,12362.571630,2.473E-29,-0.015130,0.0527,0.057,0.6800,656.7892
5,1,12369.962100,3.211E-29,-0.014940,0.0535,0.058,0.6900,587.7209
5,1,12377.147220,4.077E-29,-0.014700,0.0542,0.059,0.7000,522.4751
5,1,12384.125850,5.060E-29,-0.014350,0.0549,0.060,0.7100,461.0544
5,1,12390.895450,6.136E-29,-0.014140,0.0555,0.061,0.7200,403.4612
5,1,12397.456420,7.264E-29,-0.013780,0.0561,0.061,0.7300,349.6975
5,1,12403.810570,8.389E-29,-0.013750,0.0567,0.062,0.7400,299.7656
5,1,12409.955680,9.440E-29,-0.013600,0.0573,0.063,0.7500,253.6672
5,1,12415.892520,1.034E-28,-0.013540,0.0580,0.064,0.7500,211.4041
5,1,12421.620890,1.100E-28,-0.013410,0.0589,0.066,0.7500,172.9780
5,1,12427.140630,1.134E-28,-0.013290,0.0599,0.067,0.7500,138.3904
5,1,12432.451190,1.129E-28,-0.013110,0.0612,0.069,0.7500,107.6424
5,1,12437.553790,1.081E-28,-0.012770,0.0629,0.070,0.7400,80.7354
5,1,12442.446090,9.865E-29,-0.012240,0.0650,0.073,0.7400,57.6704
5,1,12447.129590,8.483E-29,-0.011450,0.0676,0.075,0.7400,38.4481
5,1,12451.602600,6.710E-29,-0.010330,0.0709,0.079,0.7400,23.0695
5,1,12455.870180,4.629E-29,-0.009560,0.0748,0.082,0.7500,11.5350
5,1,12459.922340,2.350E-29,-0.008900,0.0797,0.086,0.7600,3.8450
5,1,12467.402810,2.287E-29,-0.009430,0.0797,0.086,0.7600,0.0000
5,1,12470.826680,4.385E-29,-0.010180,0.0748,0.082,0.7500,3.8450
5,1,12474.042920,6.187E-29,-0.010790,0.0709,0.079,0.7400,11.5350
5,1,12477.047670,7.611E-29,-0.011500,0.0676,0.075,0.7400,23.0695
5,1,12479.841880,8.612E-29,-0.011910,0.0650,0.073,0.7400,38.4481
5,1,12482.422970,9.178E-29,-0.012220,0.0629,0.070,0.7400,57.6704
5,1,12483.331175,1.395E-31,-0.016550,0.0446,0.045,0.6700,1557.0607
5,1,12484.795250,9.328E-29,-0.012420,0.0612,0.069,0.7500,80.7354
5,1,12485.635640,2.370E-31,-0.016550,0.0451,0.046,0.6700,1449.9359
5,1,12486.956200,9.110E-29,-0.012510,0.0599,0.067,0.7500,107.6424
5,1,12487.725987,3.944E-31,-0.016550,0.0457,0.047,0.6700,1346.6008
5,1,12488.907080,8.592E-29,-0.012510,0.0589,0.066,0.7500,138.3904
5,1,12489.602363,6.426E-31,-0.016550,0.0464,0.048,0.6700,1247.0592
5,1,12490.644770,7.850E-29,-0.012560,0.0580,0.064,0.7500,172.9780
5,1,12491.264918,1.025E-30,-0.016550,0.0469,0.050,0.6700,1151.3150
5,1,12492.171670,6.966E-29,-0.012560,0.0573,0.063,0.7500,211.4041
5,1,12492.713799,1.601E-30,-0.016550,0.0475,0.051,0.6700,1059.3718
5,1,12493.487370,6.013E-29,-0.012650,0.0567,0.062,0.7400,253.6672
5,1,12493.949155,2.447E-30,-0.016550,0.0483,0.052,0.6700,971.2332
5,1,12494.591310,5.056E-29,-0.012770,0.0561,0.061,0.7300,299.7656
5,1,12494.971134,3.662E-30,-0.016480,0.0491,0.053,0.6700,886.9024
5,1,12495.483088,4.146E-29,-0.013130,0.0555,0.061,0.7200,349.6975
5,1,12495.779882,5.361E-30,-0.015840,0.0500,0.054,0.6700,806.3828
5,1,12496.162816,3.317E-29,-0.013370,0.0549,0.060,0.7100,403.4612
5,1,12496.375549,7.682E-30,-0.015280,0.0510,0.055,0.6700,729.6774
5,1,12496.630347,2.592E-29,-0.013710,0.0542,0.059,0.7000,461.0544
5,1,12496.758281,1.077E-29,-0.014850,0.0519,0.056,0.6700,656.7892
5,1,12496.885533,1.978E-29,-0.014220,0.0535,0.058,0.6900,522.4751
5,1,12496.928226,1.476E-29,-0.014330,0.0527,0.057,0.6800,587.7209
5,1,14279.942846,1.355E-31,-0.019428,0.0469,0.050,0.6700,1247.0592
5,1,14289.623505,1.996E-31,-0.019428,0.0475,0.051,0.6700,1151.3150
5,1,14299.062677,2.880E-31,-0.019428,0.0483,0.052,0.6700,1059.3718
5,1,14308.260220,4.073E-31,-0.018555,0.0491,0.053,0.6700,971.2332
5,1,14317.215989,5.644E-31,-0.019553,0.0500,0.054,0.6700,886.9024
5,1,14325.929842,7.662E-31,-0.018423,0.0510,0.055,0.6700,806.3828
5,1,14334.401634,1.019E-30,-0.017975,0.0519,0.056,0.6700,729.6774
5,1,14342.631223,1.326E-30,-0.017585,0.0527,0.057,0.6800,656.7892
5,1,14350.618462,1.691E-30,-0.017370,0.0535,0.058,0.6900,587.7209
5,1,14358.363207,2.109E-30,-0.017067,0.0542,0.059,0.7000,522.4751
5,1,14365.865315,2.573E-30,-0.016660,0.0549,0.060,0.7100,461.0544
5,1,14373.124639,3.070E-30,-0.016413,0.0555,0.061,0.7200,403.4612
5,1,14380.141034,3.579E-30,-0.015992,0.0561,0.061,0.7300,349.6975
5,1,14386.914355,4.075E-30,-0.015950,0.0567,0.062,0.7400,299.7656
5,1,14393.444457,4.524E-30,-0.015780,0.0573,0.063,0.7500,253.6672
5,1,14399.731193,4.894E-30,-0.015715,0.0580,0.064,0.7500,211.4041
5,1,14405.774417,5.148E-30,-0.015570,0.0589,0.066,0.7500,172.9780
5,1,14411.573983,5.255E-30,-0.015440,0.0599,0.067,0.7500,138.3904
5,1,14417.129746,5.188E-30,-0.015237,0.0612,0.069,0.7500,107.6424
5,1,14422.441559,4.929E-30,-0.014853,0.0629,0.070,0.7400,80.7354
5,1,14427.509275,4.474E-30,-0.014252,0.0650,0.073,0.7400,57.6704
5,1,14432.332748,3.830E-30,-0.013362,0.0676,0.075,0.7400,38.4481
5,1,14436.911831,3.021E-30,-0.012090,0.0709,0.079,0.7400,23.0695
5,1,14441.246377,2.081E-30,-0.011205,0.0748,0.082,0.7500,11.5350
5,1,14445.336241,1.057E-30,-0.010428,0.0797,0.086,0.7600,3.8450
5,1,14452.781331,1.035E-30,-0.010958,0.0797,0.086,0.7600,0.0000
5,1,14456.136263,1.996E-30,-0.011825,0.0748,0.082,0.7500,3.8450
5,1,14459.245925,2.838E-30,-0.012550,0.0709,0.079,0.7400,11.5350
5,1,14462.110168,3.525E-30,-0.013413,0.0676,0.075,0.7400,23.0695
5,1,14464.728847,4.035E-30,-0.013922,0.0650,0.073,0.7400,38.4481
5,1,14467.101813,4.359E-30,-0.014302,0.0629,0.070,0.7400,57.6704
5,1,14467.630256,1.398E-31,-0.019318,0.0475,0.051,0.6700,1059.3718
5,1,14469.228920,4.500E-30,-0.014547,0.0612,0.069,0.7500,80.7354
5,1,14469.705351,2.029E-31,-0.019318,0.0483,0.052,0.6700,971.2332
5,1,14471.110019,4.474E-30,-0.014660,0.0599,0.067,0.7500,107.6424
5,1,14471.532073,2.888E-31,-0.019175,0.0491,0.053,0.6700,886.9024
5,1,14472.744965,4.304E-30,-0.014670,0.0589,0.066,0.7500,138.3904
5,1,14473.110570,4.032E-31,-0.018563,0.0500,0.054,0.6700,806.3828
5,1,14474.133609,4.020E-30,-0.014735,0.0580,0.064,0.7500,172.9780
5,1,14474.440990,5.518E-31,-0.017872,0.0510,0.055,0.6700,729.6774
5,1,14475.275804,3.654E-30,-0.014740,0.0573,0.063,0.7500,211.4041
5,1,14475.523483,7.405E-31,-0.017375,0.0519,0.056,0.6700,656.7892
5,1,14476.171402,3.238E-30,-0.014850,0.0567,0.062,0.7400,253.6672
5,1,14476.358197,9.739E-31,-0.016785,0.0527,0.057,0.6800,587.7209
5,1,14476.820256,2.801E-30,-0.014983,0.0561,0.061,0.7300,299.7656
5,1,14476.945279,1.255E-30,-0.016650,0.0535,0.058,0.6900,522.4751
5,1,14477.222219,2.368E-30,-0.015403,0.0555,0.061,0.7200,349.6975
5,1,14477.284878,1.584E-30,-0.016077,0.0542,0.059,0.7000,461.0544
5,1,14477.377142,1.958E-30,-0.015680,0.0549,0.060,0.7100,403.4612
