22,1,   11.833113, 2.595E-39, 0.000000,0.0663,0.066, 0.8100, 2329.9116
22,1,   11.937345, 2.286E-34, 0.000000,0.0663,0.066, 0.8100,    0.0000
22,1,   19.721395, 1.734E-38, 0.000000,0.0621,0.062, 0.7900, 2333.8560
22,1,   19.895115, 1.527E-33, 0.000000,0.0621,0.062, 0.7900,    3.9792
22,1,   27.608986, 1.798E-37, 0.000000,0.0588,0.059, 0.7800, 2341.7447
22,1,   27.852196, 1.582E-32, 0.000000,0.0588,0.059, 0.7800,   11.9373
22,1,   35.495612, 2.949E-37, 0.000000,0.0562,0.056, 0.7700, 2353.5774
22,1,   35.808313, 2.594E-32, 0.000000,0.0562,0.056, 0.7700,   23.8743
22,1,   43.380995, 1.468E-36, 0.000000,0.0542,0.054, 0.7600, 2369.3537
22,1,   43.763189, 1.290E-31, 0.000000,0.0542,0.054, 0.7600,   39.7895
22,1,   51.264860, 1.513E-36, 0.000000,0.0525,0.052, 0.7600, 2389.0730
22,1,   51.716550, 1.328E-31, 0.000000,0.0525,0.052, 0.7600,   59.6826
22,1,   59.146931, 5.421E-36, 0.000000,0.0512,0.051, 0.7500, 2412.7347
22,1,   59.668120, 4.754E-31, 0.000000,0.0512,0.051, 0.7500,   83.5527
22,1,   67.026932, 4.353E-36, 0.000000,0.0499,0.050, 0.7400, 2440.3379
22,1,   67.617623, 3.813E-31, 0.000000,0.0499,0.050, 0.7400,  111.3991
22,1,   74.904588, 1.279E-35, 0.000000,0.0488,0.049, 0.7300, 2471.8816
22,1,   75.564784, 1.119E-30, 0.000000,0.0488,0.049, 0.7300,  143.2209
22,1,   82.779621, 8.720E-36, 0.000000,0.0476,0.048, 0.7100, 2507.3648
22,1,   83.509328, 7.614E-31, 0.000000,0.0476,0.048, 0.7100,  179.0168
22,1,   90.651758, 2.228E-35, 0.000000,0.0463,0.046, 0.6800, 2546.7862
22,1,   91.450979, 1.942E-30, 0.000000,0.0463,0.046, 0.6800,  218.7856
22,1,   98.520721, 1.345E-35, 0.000000,0.0448,0.045, 0.6500, 2590.1444
22,1,   99.389462, 1.169E-30, 0.000000,0.0448,0.045, 0.6500,  262.5261
22,1,  106.386236, 3.083E-35, 0.000000,0.0433,0.043, 0.6200, 2637.4379
22,1,  107.324503, 2.676E-30, 0.000000,0.0433,0.043, 0.6200,  310.2366
22,1,  114.248026, 1.687E-35, 0.000000,0.0415,0.042, 0.5700, 2688.6651
22,1,  115.255825, 1.461E-30, 0.000000,0.0415,0.042, 0.5700,  361.9156
22,1,  122.105817, 3.537E-35, 0.000000,0.0396,0.040, 0.5200, 2743.8242
22,1,  123.183154, 3.055E-30, 0.000000,0.0396,0.040, 0.5200,  417.5611
22,1,  129.959333, 1.781E-35, 0.000000,0.0375,0.037, 0.4700, 2802.9132
22,1,  131.106216, 1.535E-30, 0.000000,0.0375,0.037, 0.4700,  477.1714
22,1,  137.808299, 3.457E-35, 0.000000,0.0354,0.035, 0.4100, 2865.9300
22,1,  139.024735, 2.970E-30, 0.000000,0.0354,0.035, 0.4100,  540.7443
22,1,  145.652440, 1.619E-35, 0.000000,0.0332,0.033, 0.3400, 2932.8725
22,1,  146.938437, 1.386E-30, 0.000000,0.0332,0.033, 0.3400,  608.2776
22,1,  153.491480, 2.932E-35, 0.000000,0.0311,0.031, 0.2700, 3003.7383
22,1,  154.847047, 2.503E-30, 0.000000,0.0311,0.031, 0.2700,  679.7690
22,1,  161.325146, 1.285E-35, 0.000000,0.0291,0.029, 0.2000, 3078.5249
22,1,  162.750292, 1.094E-30, 0.000000,0.0291,0.029, 0.2000,  755.2160
22,1,  169.153161, 2.185E-35, 0.000000,0.0274,0.027, 0.2000, 3157.2298
22,1,  170.647896, 1.853E-30, 0.000000,0.0274,0.027, 0.2000,  834.6161
22,1,  176.975252, 9.017E-36, 0.000000,0.0273,0.027, 0.2000, 3239.8501
22,1,  178.539585, 7.619E-31, 0.000000,0.0273,0.027, 0.2000,  917.9663
22,1,  184.791144, 1.446E-35, 0.000000,0.0273,0.027, 0.2000, 3326.3829
22,1,  186.425086, 1.217E-30, 0.000000,0.0273,0.027, 0.2000, 1005.2639
22,1,  192.600563, 5.636E-36, 0.000000,0.0273,0.027, 0.2000, 3416.8253
22,1,  194.304125, 4.725E-31, 0.000000,0.0273,0.027, 0.2000, 1096.5059
22,1,  200.403234, 8.551E-36, 0.000000,0.0273,0.027, 0.2000, 3511.1741
22,1,  202.176428, 7.140E-31, 0.000000,0.0273,0.027, 0.2000, 1191.6890
22,1,  208.198883, 3.158E-36, 0.000000,0.0273,0.027, 0.2000, 3609.4259
22,1,  210.041721, 2.626E-31, 0.000000,0.0273,0.027, 0.2000, 1290.8100
22,1,  215.987236, 4.546E-36, 0.000000,0.0273,0.027, 0.2000, 3711.5773
22,1,  217.899732, 3.763E-31, 0.000000,0.0273,0.027, 0.2000, 1393.8655
22,1,  223.768021, 1.595E-36, 0.000000,0.0273,0.027, 0.2000, 3817.6248
22,1,  225.750187, 1.314E-31, 0.000000,0.0273,0.027, 0.2000, 1500.8518
22,1,  231.540962, 2.183E-36, 0.000000,0.0273,0.027, 0.2000, 3927.5645
22,1,  233.592812, 1.789E-31, 0.000000,0.0273,0.027, 0.2000, 1611.7652
22,1,  239.305788, 7.286E-37, 0.000000,0.0273,0.027, 0.2000, 4041.3928
22,1,  241.427336, 5.944E-32, 0.000000,0.0273,0.027, 0.2000, 1726.6019
22,1,  247.062223, 9.496E-37, 0.000000,0.0273,0.027, 0.2000, 4159.1055
22,1,  249.253485, 7.707E-32, 0.000000,0.0273,0.027, 0.2000, 1845.3580
22,1,  254.809997, 3.021E-37, 0.000000,0.0273,0.027, 0.2000, 4280.6986
22,1,  257.070988, 2.439E-32, 0.000000,0.0273,0.027, 0.2000, 1968.0293
22,1,  262.548835, 3.756E-37, 0.000000,0.0273,0.027, 0.2000, 4406.1677
22,1,  264.879571, 3.016E-32, 0.000000,0.0273,0.027, 0.2000, 2094.6115
22,1,  270.278465, 1.140E-37, 0.000000,0.0273,0.027, 0.2000, 4535.5086
22,1,  272.678963, 9.105E-33, 0.000000,0.0273,0.027, 0.2000, 2225.1003
22,1,  277.998614, 1.354E-37, 0.000000,0.0273,0.027, 0.2000, 4668.7166
22,1,  280.468893, 1.074E-32, 0.000000,0.0273,0.027, 0.2000, 2359.4911
22,1,  285.709011, 3.926E-38, 0.000000,0.0273,0.027, 0.2000, 4805.7870
22,1,  288.249088, 3.098E-33, 0.000000,0.0273,0.027, 0.2000, 2497.7792
22,1,  293.409383, 4.455E-38, 0.000000,0.0273,0.027, 0.2000, 4946.7152
22,1,  296.019276, 3.494E-33, 0.000000,0.0273,0.027, 0.2000, 2639.9600
22,1,  301.099459, 1.236E-38, 0.000000,0.0273,0.027, 0.2000, 5091.4961
22,1,  303.779188, 9.632E-34, 0.000000,0.0273,0.027, 0.2000, 2786.0283
22,1,  308.778967, 1.341E-38, 0.000000,0.0273,0.027, 0.2000, 5240.1246
22,1,  311.528552, 1.039E-33, 0.000000,0.0273,0.027, 0.2000, 2935.9792
22,1,  316.447635, 3.562E-39, 0.000000,0.0273,0.027, 0.2000, 5392.5955
22,1,  319.267097, 2.740E-34, 0.000000,0.0273,0.027, 0.2000, 3089.8075
22,1,  324.105193, 3.702E-39, 0.000000,0.0273,0.027, 0.2000, 5548.9035
22,1,  326.994553, 2.828E-34, 0.000000,0.0273,0.027, 0.2000, 3247.5078
22,1,  334.710650, 7.142E-35, 0.000000,0.0273,0.027, 0.2000, 3409.0746
22,1,  342.415117, 7.061E-35, 0.000000,0.0273,0.027, 0.2000, 3574.5023
22,1,  350.107686, 1.708E-35, 0.000000,0.0273,0.027, 0.2000, 3743.7852
22,1,  357.788086, 1.619E-35, 0.000000,0.0273,0.027, 0.2000, 3916.9175
22,1,  365.456049, 3.755E-36, 0.000000,0.0273,0.027, 0.2000, 4093.8929
22,1,  373.111305, 3.412E-36, 0.000000,0.0273,0.027, 0.2000, 4274.7055
22,1,  380.753586, 7.590E-37, 0.000000,0.0273,0.027, 0.2000, 4459.3490
22,1,  388.382623, 6.616E-37, 0.000000,0.0273,0.027, 0.2000, 4647.8168
22,1,  395.998149, 1.413E-37, 0.000000,0.0273,0.027, 0.2000, 4840.1026
22,1,  403.599896, 1.182E-37, 0.000000,0.0273,0.027, 0.2000, 5036.1995
22,1,  411.187596, 2.422E-38, 0.000000,0.0273,0.027, 0.2000, 5236.1007
22,1,  418.760981, 1.946E-38, 0.000000,0.0273,0.027, 0.2000, 5439.7994
22,1,  426.319785, 3.831E-39, 0.000000,0.0273,0.027, 0.2000, 5647.2883
22,1,  433.863742, 2.957E-39, 0.000000,0.0273,0.027, 0.2000, 5858.5603
22,1, 1881.949441, 3.674E-39, 0.000000,0.0273,0.027, 0.2000, 5439.7994
22,1, 1891.293418, 4.959E-39, 0.000000,0.0273,0.027, 0.2000, 5236.1007
22,1, 1900.616119, 2.628E-38, 0.000000,0.0273,0.027, 0.2000, 5036.1995
22,1, 1909.917291, 3.415E-38, 0.000000,0.0273,0.027, 0.2000, 4840.1026
22,1, 1919.196678, 1.742E-37, 0.000000,0.0273,0.027, 0.2000, 4647.8168
22,1, 1928.454026, 2.179E-37, 0.000000,0.0273,0.027, 0.2000, 4459.3490
22,1, 1937.689078, 1.070E-36, 0.000000,0.0273,0.027, 0.2000, 4274.7055
22,1, 1946.901579, 1.288E-36, 0.000000,0.0273,0.027, 0.2000, 4093.8929
22,1, 1956.091271, 6.082E-36, 0.000000,0.0273,0.027, 0.2000, 3916.9175
22,1, 1965.257896, 7.045E-36, 0.000000,0.0273,0.027, 0.2000, 3743.7852
22,1, 1966.628494, 4.218E-39, 0.000000,0.0273,0.027, 0.2000, 5548.9035
22,1, 1974.401195, 3.202E-35, 0.000000,0.0273,0.027, 0.2000, 3574.5023
22,1, 1975.634647, 4.490E-39, 0.000000,0.0273,0.027, 0.2000, 5392.5955
22,1, 1983.520910, 3.567E-35, 0.000000,0.0273,0.027, 0.2000, 3409.0746
22,1, 1984.616333, 1.875E-38, 0.000000,0.0273,0.027, 0.2000, 5240.1246
22,1, 1992.616781, 1.559E-34, 0.000000,0.0273,0.027, 0.2000, 3247.5078
22,1, 1993.573291, 1.919E-38, 0.000000,0.0273,0.027, 0.2000, 5091.4961
22,1, 2001.688548, 1.671E-34, 0.000000,0.0273,0.027, 0.2000, 3089.8075
22,1, 2002.505259, 7.706E-38, 0.000000,0.0273,0.027, 0.2000, 4946.7152
22,1, 2010.735950, 7.024E-34, 0.000000,0.0273,0.027, 0.2000, 2935.9792
22,1, 2011.411974, 7.586E-38, 0.000000,0.0273,0.027, 0.2000, 4805.7870
22,1, 2019.758725, 7.237E-34, 0.000000,0.0273,0.027, 0.2000, 2786.0283
22,1, 2020.293175, 2.929E-37, 0.000000,0.0273,0.027, 0.2000, 4668.7166
22,1, 2028.756612, 2.924E-33, 0.000000,0.0273,0.027, 0.2000, 2639.9600
22,1, 2029.148597, 2.771E-37, 0.000000,0.0273,0.027, 0.2000, 4535.5086
22,1, 2037.729348, 2.897E-33, 0.000000,0.0273,0.027, 0.2000, 2497.7792
22,1, 2037.977976, 1.028E-36, 0.000000,0.0273,0.027, 0.2000, 4406.1677
22,1, 2046.676670, 1.125E-32, 0.000000,0.0273,0.027, 0.2000, 2359.4911
22,1, 2046.781048, 9.352E-37, 0.000000,0.0273,0.027, 0.2000, 4280.6986
22,1, 2055.557548, 3.335E-36, 0.000000,0.0273,0.027, 0.2000, 4159.1055
22,1, 2055.598315, 1.071E-32, 0.000000,0.0273,0.027, 0.2000, 2225.1003
22,1, 2064.307210, 2.913E-36, 0.000000,0.0273,0.027, 0.2000, 4041.3928
22,1, 2064.494018, 3.996E-32, 0.000000,0.0273,0.027, 0.2000, 2094.6115
22,1, 2073.029769, 9.976E-36, 0.000000,0.0273,0.027, 0.2000, 3927.5645
22,1, 2073.363515, 3.654E-32, 0.000000,0.0273,0.027, 0.2000, 1968.0293
22,1, 2080.557540, 1.490E-39, 0.000000,0.0273,0.027, 0.2000, 5801.9698
22,1, 2081.724958, 8.369E-36, 0.000000,0.0273,0.027, 0.2000, 3817.6248
22,1, 2082.206541, 1.310E-31, 0.000000,0.0273,0.027, 0.2000, 1845.3580
22,1, 2089.073101, 1.146E-39, 0.000000,0.0273,0.027, 0.2000, 5708.4580
22,1, 2090.392510, 2.752E-35, 0.000000,0.0273,0.027, 0.2000, 3711.5773
22,1, 2091.022830, 1.150E-31, 0.000000,0.0273,0.027, 0.2000, 1726.6019
22,1, 2097.559855, 3.454E-39, 0.000000,0.0273,0.027, 0.2000, 5618.8177
22,1, 2099.032157, 2.216E-35, 0.000000,0.0273,0.027, 0.2000, 3609.4259
22,1, 2099.812117, 3.958E-31, 0.000000,0.0273,0.027, 0.2000, 1611.7652
22,1, 2106.017530, 2.548E-39, 0.000000,0.0273,0.027, 0.2000, 5533.0520
22,1, 2107.643632, 6.990E-35, 0.000000,0.0273,0.027, 0.2000, 3511.1741
22,1, 2108.574134, 3.337E-31, 0.000000,0.0273,0.027, 0.2000, 1500.8518
22,1, 2114.445859, 7.357E-39, 0.000000,0.0274,0.027, 0.2000, 5451.1639
22,1, 2116.226667, 5.399E-35, 0.000000,0.0273,0.027, 0.2000, 3416.8253
22,1, 2117.308615, 1.102E-30, 0.000000,0.0273,0.027, 0.2000, 1393.8655
22,1, 2122.844571, 5.198E-39, 0.000000,0.0291,0.029, 0.2000, 5373.1564
22,1, 2124.780993, 1.633E-34, 0.000000,0.0273,0.027, 0.2000, 3326.3829
22,1, 2126.015293, 8.914E-31, 0.000000,0.0273,0.027, 0.2000, 1290.8100
22,1, 2131.213395, 1.437E-38, 0.000000,0.0311,0.031, 0.2700, 5299.0322
22,1, 2133.306341, 1.209E-34, 0.000000,0.0273,0.027, 0.2000, 3239.8501
22,1, 2134.693899, 2.824E-30, 0.000000,0.0273,0.027, 0.2000, 1191.6890
22,1, 2139.552061, 9.717E-39, 0.000000,0.0332,0.033, 0.3400, 5228.7940
22,1, 2141.802441, 3.505E-34, 0.000000,0.0274,0.027, 0.2000, 3157.2298
22,1, 2143.344166, 2.190E-30, 0.000000,0.0273,0.027, 0.2000, 1096.5059
22,1, 2147.860298, 2.569E-38, 0.000000,0.0354,0.035, 0.4100, 5162.4441
22,1, 2150.269023, 2.485E-34, 0.000000,0.0291,0.029, 0.2000, 3078.5249
22,1, 2151.965824, 6.652E-30, 0.000000,0.0273,0.027, 0.2000, 1005.2639
22,1, 2156.137833, 1.659E-38, 0.000000,0.0375,0.037, 0.4700, 5099.9850
22,1, 2158.705818, 6.894E-34, 0.000000,0.0311,0.031, 0.2700, 3003.7383
22,1, 2160.558605, 4.944E-30, 0.000000,0.0273,0.027, 0.2000,  917.9663
22,1, 2164.384394, 4.183E-38, 0.000000,0.0396,0.040, 0.5200, 5041.4190
22,1, 2167.112553, 4.675E-34, 0.000000,0.0332,0.033, 0.3400, 2932.8725
22,1, 2169.122240, 1.438E-29, 0.000000,0.0274,0.027, 0.2000,  834.6161
22,1, 2172.599710, 2.574E-38, 0.000000,0.0415,0.042, 0.5700, 4986.7479
22,1, 2175.488959, 1.239E-33, 0.000000,0.0354,0.035, 0.4100, 2865.9300
22,1, 2177.656457, 1.023E-29, 0.000000,0.0291,0.029, 0.2000,  755.2160
22,1, 2180.783508, 6.174E-38, 0.000000,0.0433,0.043, 0.6200, 4935.9739
22,1, 2183.834763, 8.026E-34, 0.000000,0.0375,0.037, 0.4700, 2802.9132
22,1, 2186.160988, 2.848E-29, 0.000000,0.0311,0.031, 0.2700,  679.7690
22,1, 2188.935514, 3.605E-38, 0.000000,0.0448,0.045, 0.6500, 4889.0986
22,1, 2192.149695, 2.029E-33, 0.000000,0.0396,0.040, 0.5200, 2743.8242
22,1, 2194.635561, 1.937E-29, 0.000000,0.0332,0.033, 0.3400,  608.2776
22,1, 2197.055455, 8.184E-38, 0.000000,0.0463,0.046, 0.6800, 4846.1238
22,1, 2200.433481, 1.252E-33, 0.000000,0.0415,0.042, 0.5700, 2688.6651
22,1, 2203.079906, 5.151E-29, 0.000000,0.0354,0.035, 0.4100,  540.7443
22,1, 2205.143057, 4.506E-38, 0.000000,0.0476,0.048, 0.7100, 4807.0509
22,1, 2208.685849, 3.009E-33, 0.000000,0.0433,0.043, 0.6200, 2637.4379
22,1, 2211.493751, 3.345E-29, 0.000000,0.0375,0.037, 0.4700,  477.1714
22,1, 2213.198046, 9.600E-38, 0.000000,0.0488,0.049, 0.7300, 4771.8814
22,1, 2216.906527, 1.761E-33, 0.000000,0.0448,0.045, 0.6500, 2590.1444
22,1, 2219.876825, 8.480E-29, 0.000000,0.0396,0.040, 0.5200,  417.5611
22,1, 2221.220147, 4.925E-38, 0.000000,0.0499,0.050, 0.7400, 4740.6165
22,1, 2225.095241, 4.005E-33, 0.000000,0.0463,0.046, 0.6800, 2546.7862
22,1, 2228.228855, 5.242E-29, 0.000000,0.0415,0.042, 0.5700,  361.9156
22,1, 2229.209086, 9.671E-38, 0.000000,0.0512,0.051, 0.7500, 4713.2573
22,1, 2233.251717, 2.209E-33, 0.000000,0.0476,0.048, 0.7100, 2507.3648
22,1, 2236.549570, 1.263E-28, 0.000000,0.0433,0.043, 0.6200,  310.2366
22,1, 2237.164588, 4.496E-38, 0.000000,0.0525,0.052, 0.7600, 4689.8047
22,1, 2241.375683, 4.714E-33, 0.000000,0.0488,0.049, 0.7300, 2471.8816
22,1, 2244.838696, 7.407E-29, 0.000000,0.0448,0.045, 0.6500,  262.5261
22,1, 2245.086377, 7.767E-38, 0.000000,0.0542,0.054, 0.7600, 4670.2596
22,1, 2249.466863, 2.422E-33, 0.000000,0.0499,0.050, 0.7400, 2440.3379
22,1, 2252.974178, 2.986E-38, 0.000000,0.0562,0.056, 0.7700, 4654.6228
22,1, 2253.095961, 1.688E-28, 0.000000,0.0463,0.046, 0.6800,  218.7856
22,1, 2257.524983, 4.762E-33, 0.000000,0.0512,0.051, 0.7500, 2412.7347
22,1, 2260.827714, 3.575E-38, 0.000000,0.0588,0.059, 0.7800, 4642.8946
22,1, 2261.321091, 9.329E-29, 0.000000,0.0476,0.048, 0.7100,  179.0168
22,1, 2262.065563, 1.596E-39, 0.000000,0.0200,0.020, 0.2000, 5801.9698
22,1, 2262.905123, 1.207E-39, 0.000000,0.0214,0.021, 0.2000, 5708.4580
22,1, 2263.709651, 3.576E-39, 0.000000,0.0230,0.023, 0.2000, 5618.8177
22,1, 2264.479154, 2.594E-39, 0.000000,0.0250,0.025, 0.2000, 5533.0520
22,1, 2265.213638, 7.372E-39, 0.000000,0.0273,0.027, 0.2000, 5451.1639
22,1, 2265.549769, 2.216E-33, 0.000000,0.0525,0.052, 0.7600, 2389.0730
22,1, 2265.913109, 5.126E-39, 0.000000,0.0299,0.030, 0.2000, 5373.1564
22,1, 2266.577573, 1.396E-38, 0.000000,0.0327,0.033, 0.2700, 5299.0322
22,1, 2267.207035, 9.294E-39, 0.000000,0.0332,0.033, 0.3400, 5228.7940
22,1, 2267.801499, 2.422E-38, 0.000000,0.0339,0.034, 0.4100, 5162.4441
22,1, 2268.360971, 1.542E-38, 0.000000,0.0330,0.033, 0.4700, 5099.9850
22,1, 2268.885455, 3.839E-38, 0.000000,0.0357,0.036, 0.5200, 5041.4190
22,1, 2269.374956, 2.333E-38, 0.000000,0.0356,0.036, 0.5700, 4986.7479
22,1, 2269.513814, 1.994E-28, 0.000000,0.0488,0.049, 0.7300,  143.2209
22,1, 2269.750311, 1.322E-39, 0.000000,0.0200,0.020, 0.2000, 5873.0087
22,1, 2269.829476, 5.536E-38, 0.000000,0.0374,0.037, 0.6200, 4935.9739
22,1, 2270.249019, 3.202E-38, 0.000000,0.0432,0.043, 0.6500, 4889.0986
22,1, 2270.633589, 7.216E-38, 0.000000,0.0466,0.047, 0.6800, 4846.1238
22,1, 2270.983189, 3.954E-38, 0.000000,0.0472,0.047, 0.7100, 4807.0509
22,1, 2271.217207, 1.433E-39, 0.000000,0.0200,0.020, 0.2000, 5709.0431
22,1, 2271.297821, 8.415E-38, 0.000000,0.0469,0.047, 0.7300, 4771.8814
22,1, 2271.577488, 4.336E-38, 0.000000,0.0476,0.048, 0.7400, 4740.6165
22,1, 2271.822191, 8.625E-38, 0.000000,0.0469,0.047, 0.7500, 4713.2573
22,1, 2272.031934, 4.120E-38, 0.000000,0.0477,0.048, 0.7600, 4689.8047
22,1, 2272.206717, 7.512E-38, 0.000000,0.0490,0.049, 0.7600, 4670.2596
22,1, 2272.346542, 3.236E-38, 0.000000,0.0509,0.051, 0.7700, 4654.6228
22,1, 2272.451410, 5.245E-38, 0.000000,0.0535,0.053, 0.7800, 4642.8946
22,1, 2272.521321, 2.288E-38, 0.000000,0.0567,0.057, 0.7900, 4635.0756
22,1, 2272.649023, 6.101E-39, 0.000000,0.0200,0.020, 0.2000, 5548.9035
22,1, 2273.540946, 3.832E-33, 0.000000,0.0542,0.054, 0.7600, 2369.3537
22,1, 2274.045770, 6.367E-39, 0.000000,0.0200,0.020, 0.2000, 5392.5955
22,1, 2275.407461, 2.607E-38, 0.000000,0.0200,0.020, 0.2000, 5240.1246
22,1, 2276.734106, 2.618E-38, 0.000000,0.0200,0.020, 0.2000, 5091.4961
22,1, 2277.673854, 1.026E-28, 0.000000,0.0499,0.050, 0.7400,  111.3991
22,1, 2278.025716, 1.031E-37, 0.000000,0.0200,0.020, 0.2000, 4946.7152
22,1, 2279.282302, 9.957E-38, 0.000000,0.0200,0.020, 0.2000, 4805.7870
22,1, 2280.112167, 1.263E-39, 0.000000,0.0200,0.020, 0.2000, 5647.2883
22,1, 2280.503873, 3.772E-37, 0.000000,0.0200,0.020, 0.2000, 4668.7166
22,1, 2281.498238, 1.474E-33, 0.000000,0.0562,0.056, 0.7700, 2353.5774
22,1, 2281.690439, 3.502E-37, 0.000000,0.0200,0.020, 0.2000, 4535.5086
22,1, 2281.959652, 6.806E-39, 0.000000,0.0200,0.020, 0.2000, 5439.7994
22,1, 2282.842009, 1.275E-36, 0.000000,0.0200,0.020, 0.2000, 4406.1677
22,1, 2283.772036, 8.998E-39, 0.000000,0.0200,0.020, 0.2000, 5236.1007
22,1, 2283.958593, 1.138E-36, 0.000000,0.0200,0.020, 0.2000, 4280.6986
22,1, 2284.179972, 3.990E-38, 0.000000,0.0663,0.066, 0.8100, 4631.1661
22,1, 2285.040199, 3.985E-36, 0.000000,0.0200,0.020, 0.2000, 4159.1055
22,1, 2285.549336, 4.669E-38, 0.000000,0.0200,0.020, 0.2000, 5036.1995
22,1, 2285.800938, 2.019E-28, 0.000000,0.0512,0.051, 0.7500,   83.5527
22,1, 2286.086835, 3.418E-36, 0.000000,0.0200,0.020, 0.2000, 4041.3928
22,1, 2287.098510, 1.149E-35, 0.000000,0.0200,0.020, 0.2000, 3927.5645
22,1, 2287.291567, 5.944E-38, 0.000000,0.0200,0.020, 0.2000, 4840.1026
22,1, 2288.075231, 9.470E-36, 0.000000,0.0200,0.020, 0.2000, 3817.6248
22,1, 2288.998742, 2.970E-37, 0.000000,0.0200,0.020, 0.2000, 4647.8168
22,1, 2289.017005, 3.058E-35, 0.000000,0.0200,0.020, 0.2000, 3711.5773
22,1, 2289.421370, 1.766E-33, 0.000000,0.0588,0.059, 0.7800, 2341.7447
22,1, 2289.923840, 2.420E-35, 0.000000,0.0200,0.020, 0.2000, 3609.4259
22,1, 2290.670876, 3.640E-37, 0.000000,0.0200,0.020, 0.2000, 4459.3490
22,1, 2290.795743, 7.502E-35, 0.000000,0.0200,0.020, 0.2000, 3511.1741
22,1, 2291.632720, 5.695E-35, 0.000000,0.0214,0.021, 0.2000, 3416.8253
22,1, 2291.893685, 3.586E-38, 0.000000,0.0621,0.062, 0.7900, 4635.0756
22,1, 2292.307983, 1.751E-36, 0.000000,0.0200,0.020, 0.2000, 4274.7055
22,1, 2292.434777, 1.694E-34, 0.000000,0.0230,0.023, 0.2000, 3326.3829
22,1, 2293.201920, 1.233E-34, 0.000000,0.0250,0.025, 0.2000, 3239.8501
22,1, 2293.894793, 9.408E-29, 0.000000,0.0525,0.052, 0.7600,   59.6826
22,1, 2293.910075, 2.065E-36, 0.000000,0.0200,0.020, 0.2000, 4093.8929
22,1, 2293.934155, 3.517E-34, 0.000000,0.0273,0.027, 0.2000, 3157.2298
22,1, 2294.631487, 2.454E-34, 0.000000,0.0299,0.030, 0.2000, 3078.5249
22,1, 2295.293921, 6.703E-34, 0.000000,0.0327,0.033, 0.2700, 3003.7383
22,1, 2295.477165, 9.559E-36, 0.000000,0.0200,0.020, 0.2000, 3916.9175
22,1, 2295.921463, 4.477E-34, 0.000000,0.0332,0.033, 0.3400, 2932.8725
22,1, 2296.514117, 1.170E-33, 0.000000,0.0339,0.034, 0.4100, 2865.9300
22,1, 2297.009265, 1.085E-35, 0.000000,0.0200,0.020, 0.2000, 3743.7852
22,1, 2297.071886, 7.470E-34, 0.000000,0.0330,0.033, 0.4700, 2802.9132
22,1, 2297.594776, 1.864E-33, 0.000000,0.0357,0.036, 0.5200, 2743.8242
22,1, 2298.082789, 1.136E-33, 0.000000,0.0356,0.036, 0.5700, 2688.6651
22,1, 2298.506388, 4.834E-35, 0.000000,0.0200,0.020, 0.2000, 3574.5023
22,1, 2298.535930, 2.701E-33, 0.000000,0.0374,0.037, 0.6200, 2637.4379
22,1, 2298.954202, 1.565E-33, 0.000000,0.0432,0.043, 0.6500, 2590.1444
22,1, 2299.337607, 3.534E-33, 0.000000,0.0466,0.047, 0.6800, 2546.7862
22,1, 2299.571749, 1.004E-37, 0.000000,0.0588,0.059, 0.7800, 4642.8946
22,1, 2299.686148, 1.940E-33, 0.000000,0.0472,0.047, 0.7100, 2507.3648
22,1, 2299.968546, 5.280E-35, 0.000000,0.0200,0.020, 0.2000, 3409.0746
22,1, 2299.999829, 4.134E-33, 0.000000,0.0469,0.047, 0.7300, 2471.8816
22,1, 2300.278650, 2.133E-33, 0.000000,0.0476,0.048, 0.7400, 2440.3379
22,1, 2300.522614, 4.248E-33, 0.000000,0.0469,0.047, 0.7500, 2412.7347
22,1, 2300.731723, 2.032E-33, 0.000000,0.0477,0.048, 0.7600, 2389.0730
22,1, 2300.905978, 3.707E-33, 0.000000,0.0490,0.049, 0.7600, 2369.3537
22,1, 2301.045381, 1.598E-33, 0.000000,0.0509,0.051, 0.7700, 2353.5774
22,1, 2301.149932, 2.591E-33, 0.000000,0.0535,0.053, 0.7800, 2341.7447
22,1, 2301.219633, 1.131E-33, 0.000000,0.0567,0.057, 0.7900, 2333.8560
22,1, 2301.395748, 2.263E-34, 0.000000,0.0200,0.020, 0.2000, 3247.5078
22,1, 2301.955142, 1.628E-28, 0.000000,0.0542,0.054, 0.7600,   39.7895
22,1, 2302.788007, 2.377E-34, 0.000000,0.0200,0.020, 0.2000, 3089.8075
22,1, 2304.145333, 9.799E-34, 0.000000,0.0200,0.020, 0.2000, 2935.9792
22,1, 2305.467736, 9.901E-34, 0.000000,0.0200,0.020, 0.2000, 2786.0283
22,1, 2306.755226, 3.924E-33, 0.000000,0.0200,0.020, 0.2000, 2639.9600
22,1, 2307.213888, 6.251E-38, 0.000000,0.0562,0.056, 0.7700, 4654.6228
22,1, 2308.007813, 3.813E-33, 0.000000,0.0200,0.020, 0.2000, 2497.7792
22,1, 2309.225505, 1.453E-32, 0.000000,0.0200,0.020, 0.2000, 2359.4911
22,1, 2309.981711, 6.269E-29, 0.000000,0.0562,0.056, 0.7700,   23.8743
22,1, 2310.408312, 1.357E-32, 0.000000,0.0200,0.020, 0.2000, 2225.1003
22,1, 2311.556242, 4.969E-32, 0.000000,0.0200,0.020, 0.2000, 2094.6115
22,1, 2312.669303, 4.459E-32, 0.000000,0.0200,0.020, 0.2000, 1968.0293
22,1, 2312.983045, 1.973E-33, 0.000000,0.0663,0.066, 0.8100, 2329.9116
22,1, 2313.747503, 1.569E-31, 0.000000,0.0200,0.020, 0.2000, 1845.3580
22,1, 2314.790851, 1.352E-31, 0.000000,0.0200,0.020, 0.2000, 1726.6019
22,1, 2314.819822, 1.447E-37, 0.000000,0.0542,0.054, 0.7600, 4670.2596
22,1, 2315.799353, 4.570E-31, 0.000000,0.0200,0.020, 0.2000, 1611.7652
22,1, 2316.773017, 3.783E-31, 0.000000,0.0200,0.020, 0.2000, 1500.8518
22,1, 2317.711849, 1.227E-30, 0.000000,0.0200,0.020, 0.2000, 1393.8655
22,1, 2317.974225, 7.515E-29, 0.000000,0.0588,0.059, 0.7800,   11.9373
22,1, 2318.615855, 9.754E-31, 0.000000,0.0200,0.020, 0.2000, 1290.8100
22,1, 2319.485043, 3.037E-30, 0.000000,0.0200,0.020, 0.2000, 1191.6890
22,1, 2320.319418, 2.315E-30, 0.000000,0.0214,0.021, 0.2000, 1096.5059
22,1, 2320.766776, 1.772E-33, 0.000000,0.0621,0.062, 0.7900, 2333.8560
22,1, 2321.118985, 6.912E-30, 0.000000,0.0230,0.023, 0.2000, 1005.2639
22,1, 2321.883751, 5.051E-30, 0.000000,0.0250,0.025, 0.2000,  917.9663
22,1, 2322.389274, 7.926E-38, 0.000000,0.0525,0.052, 0.7600, 4689.8047
22,1, 2322.613720, 1.445E-29, 0.000000,0.0273,0.027, 0.2000,  834.6161
22,1, 2323.308897, 1.012E-29, 0.000000,0.0299,0.030, 0.2000,  755.2160
22,1, 2323.969287, 2.773E-29, 0.000000,0.0327,0.033, 0.2700,  679.7690
22,1, 2324.594894, 1.858E-29, 0.000000,0.0332,0.033, 0.3400,  608.2776
22,1, 2325.185723, 4.868E-29, 0.000000,0.0339,0.034, 0.4100,  540.7443
22,1, 2325.741777, 3.117E-29, 0.000000,0.0330,0.033, 0.4700,  477.1714
22,1, 2326.263060, 7.798E-29, 0.000000,0.0357,0.036, 0.5200,  417.5611
22,1, 2326.749576, 4.762E-29, 0.000000,0.0356,0.036, 0.5700,  361.9156
22,1, 2327.201327, 1.135E-28, 0.000000,0.0374,0.037, 0.6200,  310.2366
22,1, 2327.618317, 6.590E-29, 0.000000,0.0432,0.043, 0.6500,  262.5261
22,1, 2328.000549, 1.491E-28, 0.000000,0.0466,0.047, 0.6800,  218.7856
22,1, 2328.348024, 8.196E-29, 0.000000,0.0472,0.047, 0.7100,  179.0168
22,1, 2328.514965, 4.959E-33, 0.000000,0.0588,0.059, 0.7800, 2341.7447
22,1, 2328.660745, 1.750E-28, 0.000000,0.0469,0.047, 0.7300,  143.2209
22,1, 2328.938714, 9.039E-29, 0.000000,0.0476,0.048, 0.7400,  111.3991
22,1, 2329.181934, 1.802E-28, 0.000000,0.0469,0.047, 0.7500,   83.5527
22,1, 2329.390404, 8.627E-29, 0.000000,0.0477,0.048, 0.7600,   59.6826
22,1, 2329.564128, 1.575E-28, 0.000000,0.0490,0.049, 0.7600,   39.7895
22,1, 2329.703105, 6.797E-29, 0.000000,0.0509,0.051, 0.7700,   23.8743
22,1, 2329.807338, 1.103E-28, 0.000000,0.0535,0.053, 0.7800,   11.9373
22,1, 2329.876826, 4.814E-29, 0.000000,0.0567,0.057, 0.7900,    3.9792
22,1, 2329.921966, 1.662E-37, 0.000000,0.0512,0.051, 0.7500, 4713.2573
22,1, 2336.227335, 3.088E-33, 0.000000,0.0562,0.056, 0.7700, 2353.5774
22,1, 2337.417620, 8.396E-38, 0.000000,0.0499,0.050, 0.7400, 4740.6165
22,1, 2341.744682, 8.400E-29, 0.000000,0.0663,0.066, 0.8100,    0.0000
22,1, 2343.903609, 7.141E-33, 0.000000,0.0542,0.054, 0.7600, 2369.3537
22,1, 2344.875955, 1.641E-37, 0.000000,0.0488,0.049, 0.7300, 4771.8814
22,1, 2349.598220, 7.546E-29, 0.000000,0.0621,0.062, 0.7900,    3.9792
22,1, 2351.543510, 3.910E-33, 0.000000,0.0525,0.052, 0.7600, 2389.0730
22,1, 2352.296694, 7.775E-38, 0.000000,0.0476,0.048, 0.7100, 4807.0509
22,1, 2357.416324, 2.111E-28, 0.000000,0.0588,0.059, 0.7800,   11.9373
22,1, 2359.146760, 8.193E-33, 0.000000,0.0512,0.051, 0.7500, 2412.7347
22,1, 2359.679557, 1.433E-37, 0.000000,0.0463,0.046, 0.6800, 4846.1238
22,1, 2365.198717, 1.314E-28, 0.000000,0.0562,0.056, 0.7700,   23.8743
22,1, 2366.713081, 4.133E-33, 0.000000,0.0499,0.050, 0.7400, 2440.3379
22,1, 2367.024264, 6.425E-38, 0.000000,0.0448,0.045, 0.6500, 4889.0986
22,1, 2372.945123, 3.037E-28, 0.000000,0.0542,0.054, 0.7600,   39.7895
22,1, 2374.242195, 8.066E-33, 0.000000,0.0488,0.049, 0.7300, 2471.8816
22,1, 2374.330537, 1.124E-37, 0.000000,0.0433,0.043, 0.6200, 4935.9739
22,1, 2380.655265, 1.661E-28, 0.000000,0.0525,0.052, 0.7600,   59.6826
22,1, 2381.598094, 4.793E-38, 0.000000,0.0415,0.042, 0.5700, 4986.7479
22,1, 2381.733823, 3.817E-33, 0.000000,0.0476,0.048, 0.7100, 2507.3648
22,1, 2388.328865, 3.478E-28, 0.000000,0.0512,0.051, 0.7500,   83.5527
22,1, 2388.826657, 7.987E-38, 0.000000,0.0396,0.040, 0.5200, 5041.4190
22,1, 2389.187688, 7.022E-33, 0.000000,0.0463,0.046, 0.6800, 2546.7862
22,1, 2395.965647, 1.753E-28, 0.000000,0.0499,0.050, 0.7400,  111.3991
22,1, 2396.015945, 3.250E-38, 0.000000,0.0375,0.037, 0.4700, 5099.9850
22,1, 2396.603510, 3.144E-33, 0.000000,0.0448,0.045, 0.6500, 2590.1444
22,1, 2403.165677, 5.173E-38, 0.000000,0.0354,0.035, 0.4100, 5162.4441
22,1, 2403.565333, 3.416E-28, 0.000000,0.0488,0.049, 0.7300,  143.2209
22,1, 2403.981011, 5.487E-33, 0.000000,0.0433,0.043, 0.6200, 2637.4379
22,1, 2410.275572, 2.012E-38, 0.000000,0.0332,0.033, 0.3400, 5228.7940
22,1, 2411.127645, 1.614E-28, 0.000000,0.0476,0.048, 0.7100,  179.0168
22,1, 2411.319912, 2.336E-33, 0.000000,0.0415,0.042, 0.5700, 2688.6651
22,1, 2417.345351, 3.064E-38, 0.000000,0.0311,0.031, 0.2700, 5299.0322
22,1, 2418.619934, 3.883E-33, 0.000000,0.0396,0.040, 0.5200, 2743.8242
22,1, 2418.652306, 2.964E-28, 0.000000,0.0463,0.046, 0.6800,  218.7856
22,1, 2424.374732, 1.141E-38, 0.000000,0.0291,0.029, 0.2000, 5373.1564
22,1, 2425.880796, 1.576E-33, 0.000000,0.0375,0.037, 0.4700, 2802.9132
22,1, 2426.139038, 1.325E-28, 0.000000,0.0448,0.045, 0.6500,  262.5261
22,1, 2431.363434, 1.665E-38, 0.000000,0.0274,0.027, 0.2000, 5451.1639
22,1, 2433.102220, 2.502E-33, 0.000000,0.0354,0.035, 0.4100, 2865.9300
22,1, 2433.587563, 2.308E-28, 0.000000,0.0433,0.043, 0.6200,  310.2366
22,1, 2438.311175, 5.943E-39, 0.000000,0.0273,0.027, 0.2000, 5533.0520
22,1, 2440.283927, 9.707E-34, 0.000000,0.0332,0.033, 0.3400, 2932.8725
22,1, 2440.997602, 9.804E-29, 0.000000,0.0415,0.042, 0.5700,  361.9156
22,1, 2445.217674, 8.311E-39, 0.000000,0.0273,0.027, 0.2000, 5618.8177
22,1, 2447.425635, 1.474E-33, 0.000000,0.0311,0.031, 0.2700, 3003.7383
22,1, 2448.368877, 1.626E-28, 0.000000,0.0396,0.040, 0.5200,  417.5611
22,1, 2452.082649, 2.846E-39, 0.000000,0.0273,0.027, 0.2000, 5708.4580
22,1, 2454.527065, 5.472E-34, 0.000000,0.0291,0.029, 0.2000, 3078.5249
22,1, 2455.701110, 6.585E-29, 0.000000,0.0375,0.037, 0.4700,  477.1714
22,1, 2458.905819, 3.819E-39, 0.000000,0.0273,0.027, 0.2000, 5801.9698
22,1, 2461.587938, 7.954E-34, 0.000000,0.0274,0.027, 0.2000, 3157.2298
22,1, 2462.994022, 1.042E-28, 0.000000,0.0354,0.035, 0.4100,  540.7443
22,1, 2465.686900, 1.255E-39, 0.000000,0.0273,0.027, 0.2000, 5899.3497
22,1, 2468.607972, 2.830E-34, 0.000000,0.0273,0.027, 0.2000, 3239.8501
22,1, 2470.247334, 4.033E-29, 0.000000,0.0332,0.033, 0.3400,  608.2776
22,1, 2472.425612, 1.617E-39, 0.000000,0.0273,0.027, 0.2000, 6000.5943
22,1, 2475.586887, 3.943E-34, 0.000000,0.0273,0.027, 0.2000, 3326.3829
22,1, 2477.460767, 6.104E-29, 0.000000,0.0311,0.031, 0.2700,  679.7690
22,1, 2482.524403, 1.345E-34, 0.000000,0.0273,0.027, 0.2000, 3416.8253
22,1, 2484.634043, 2.260E-29, 0.000000,0.0291,0.029, 0.2000,  755.2160
22,1, 2489.420239, 1.798E-34, 0.000000,0.0273,0.027, 0.2000, 3511.1741
22,1, 2491.766881, 3.274E-29, 0.000000,0.0274,0.027, 0.2000,  834.6161
22,1, 2496.274114, 5.885E-35, 0.000000,0.0273,0.027, 0.2000, 3609.4259
22,1, 2498.859003, 1.161E-29, 0.000000,0.0273,0.027, 0.2000,  917.9663
22,1, 2503.085747, 7.549E-35, 0.000000,0.0273,0.027, 0.2000, 3711.5773
22,1, 2505.910129, 1.612E-29, 0.000000,0.0273,0.027, 0.2000, 1005.2639
22,1, 2509.854856, 2.372E-35, 0.000000,0.0273,0.027, 0.2000, 3817.6248
22,1, 2512.919981, 5.477E-30, 0.000000,0.0273,0.027, 0.2000, 1096.5059
22,1, 2516.581162, 2.922E-35, 0.000000,0.0273,0.027, 0.2000, 3927.5645
22,1, 2519.888277, 7.291E-30, 0.000000,0.0273,0.027, 0.2000, 1191.6890
22,1, 2523.264381, 8.817E-36, 0.000000,0.0273,0.027, 0.2000, 4041.3928
22,1, 2526.814738, 2.377E-30, 0.000000,0.0273,0.027, 0.2000, 1290.8100
22,1, 2529.904233, 1.043E-35, 0.000000,0.0273,0.027, 0.2000, 4159.1055
22,1, 2533.699085, 3.035E-30, 0.000000,0.0273,0.027, 0.2000, 1393.8655
22,1, 2536.500436, 3.025E-36, 0.000000,0.0273,0.027, 0.2000, 4280.6986
22,1, 2540.541038, 9.496E-31, 0.000000,0.0273,0.027, 0.2000, 1500.8518
22,1, 2543.052708, 3.440E-36, 0.000000,0.0273,0.027, 0.2000, 4406.1677
22,1, 2547.340316, 1.164E-30, 0.000000,0.0273,0.027, 0.2000, 1611.7652
22,1, 2549.560767, 9.586E-37, 0.000000,0.0273,0.027, 0.2000, 4535.5086
22,1, 2554.096639, 3.497E-31, 0.000000,0.0273,0.027, 0.2000, 1726.6019
22,1, 2556.024331, 1.048E-36, 0.000000,0.0273,0.027, 0.2000, 4668.7166
22,1, 2560.809727, 4.117E-31, 0.000000,0.0273,0.027, 0.2000, 1845.3580
22,1, 2562.443117, 2.807E-37, 0.000000,0.0273,0.027, 0.2000, 4805.7870
22,1, 2567.479299, 1.188E-31, 0.000000,0.0273,0.027, 0.2000, 1968.0293
22,1, 2568.816844, 2.950E-37, 0.000000,0.0273,0.027, 0.2000, 4946.7152
22,1, 2574.105076, 1.343E-31, 0.000000,0.0273,0.027, 0.2000, 2094.6115
22,1, 2575.145229, 7.600E-38, 0.000000,0.0273,0.027, 0.2000, 5091.4961
22,1, 2580.686776, 3.722E-32, 0.000000,0.0273,0.027, 0.2000, 2225.1003
22,1, 2581.427990, 7.682E-38, 0.000000,0.0273,0.027, 0.2000, 5240.1246
22,1, 2587.224119, 4.046E-32, 0.000000,0.0273,0.027, 0.2000, 2359.4911
22,1, 2587.664842, 1.904E-38, 0.000000,0.0273,0.027, 0.2000, 5392.5955
22,1, 2593.716824, 1.078E-32, 0.000000,0.0273,0.027, 0.2000, 2497.7792
22,1, 2593.855504, 1.851E-38, 0.000000,0.0273,0.027, 0.2000, 5548.9035
22,1, 2599.999693, 4.414E-39, 0.000000,0.0273,0.027, 0.2000, 5709.0431
22,1, 2600.164610, 1.126E-32, 0.000000,0.0273,0.027, 0.2000, 2639.9600
22,1, 2606.097125, 4.129E-39, 0.000000,0.0273,0.027, 0.2000, 5873.0087
22,1, 2606.567196, 2.883E-33, 0.000000,0.0273,0.027, 0.2000, 2786.0283
22,1, 2612.924300, 2.895E-33, 0.000000,0.0273,0.027, 0.2000, 2935.9792
22,1, 2619.235643, 7.128E-34, 0.000000,0.0273,0.027, 0.2000, 3089.8075
22,1, 2625.500941, 6.885E-34, 0.000000,0.0273,0.027, 0.2000, 3247.5078
22,1, 2631.719915, 1.630E-34, 0.000000,0.0273,0.027, 0.2000, 3409.0746
22,1, 2637.892282, 1.515E-34, 0.000000,0.0273,0.027, 0.2000, 3574.5023
22,1, 2644.017760, 3.451E-35, 0.000000,0.0273,0.027, 0.2000, 3743.7852
22,1, 2650.096069, 3.084E-35, 0.000000,0.0273,0.027, 0.2000, 3916.9175
22,1, 2656.126925, 6.760E-36, 0.000000,0.0273,0.027, 0.2000, 4093.8929
22,1, 2662.110047, 5.815E-36, 0.000000,0.0273,0.027, 0.2000, 4274.7055
22,1, 2668.045153, 1.227E-36, 0.000000,0.0273,0.027, 0.2000, 4459.3490
22,1, 2673.931960, 1.015E-36, 0.000000,0.0273,0.027, 0.2000, 4647.8168
22,1, 2679.770185, 2.062E-37, 0.000000,0.0273,0.027, 0.2000, 4840.1026
22,1, 2685.559547, 1.643E-37, 0.000000,0.0273,0.027, 0.2000, 5036.1995
22,1, 2691.299763, 3.212E-38, 0.000000,0.0273,0.027, 0.2000, 5236.1007
22,1, 2696.990549, 2.465E-38, 0.000000,0.0273,0.027, 0.2000, 5439.7994
22,1, 2702.631622, 4.640E-39, 0.000000,0.0273,0.027, 0.2000, 5647.2883
22,1, 2708.222700, 3.429E-39, 0.000000,0.0273,0.027, 0.2000, 5858.5603
22,1, 4182.728358, 1.877E-39, 0.000000,0.0273,0.027, 0.2000, 4647.8168
22,1, 4193.593047, 2.387E-39, 0.000000,0.0273,0.027, 0.2000, 4459.3490
22,1, 4204.400310, 1.191E-38, 0.000000,0.0273,0.027, 0.2000, 4274.7055
22,1, 4215.149903, 1.457E-38, 0.000000,0.0273,0.027, 0.2000, 4093.8929
22,1, 4225.841582, 6.992E-38, 0.000000,0.0273,0.027, 0.2000, 3916.9175
22,1, 4236.475102, 8.225E-38, 0.000000,0.0273,0.027, 0.2000, 3743.7852
22,1, 4247.050218, 3.795E-37, 0.000000,0.0273,0.027, 0.2000, 3574.5023
22,1, 4254.246848, 1.542E-39, 0.000000,0.0273,0.027, 0.2000, 4946.7152
22,1, 4257.566680, 4.292E-37, 0.000000,0.0273,0.027, 0.2000, 3409.0746
22,1, 4264.343864, 1.537E-39, 0.000000,0.0273,0.027, 0.2000, 4805.7870
22,1, 4268.024242, 1.904E-36, 0.000000,0.0273,0.027, 0.2000, 3247.5078
22,1, 4274.380250, 6.009E-39, 0.000000,0.0273,0.027, 0.2000, 4668.7166
22,1, 4278.422654, 2.070E-36, 0.000000,0.0273,0.027, 0.2000, 3089.8075
22,1, 4284.355754, 5.757E-39, 0.000000,0.0273,0.027, 0.2000, 4535.5086
22,1, 4288.761666, 8.822E-36, 0.000000,0.0273,0.027, 0.2000, 2935.9792
22,1, 4294.270121, 2.163E-38, 0.000000,0.0273,0.027, 0.2000, 4406.1677
22,1, 4299.041027, 9.217E-36, 0.000000,0.0273,0.027, 0.2000, 2786.0283
22,1, 4304.123094, 1.990E-38, 0.000000,0.0273,0.027, 0.2000, 4280.6986
22,1, 4309.260485, 3.776E-35, 0.000000,0.0273,0.027, 0.2000, 2639.9600
22,1, 4313.914419, 7.181E-38, 0.000000,0.0273,0.027, 0.2000, 4159.1055
22,1, 4319.419787, 3.790E-35, 0.000000,0.0273,0.027, 0.2000, 2497.7792
22,1, 4323.643837, 6.346E-38, 0.000000,0.0273,0.027, 0.2000, 4041.3928
22,1, 4329.518680, 1.491E-34, 0.000000,0.0273,0.027, 0.2000, 2359.4911
22,1, 4333.311092, 2.198E-37, 0.000000,0.0273,0.027, 0.2000, 3927.5645
22,1, 4339.556908, 1.438E-34, 0.000000,0.0273,0.027, 0.2000, 2225.1003
22,1, 4342.915923, 1.865E-37, 0.000000,0.0273,0.027, 0.2000, 3817.6248
22,1, 4349.534217, 5.435E-34, 0.000000,0.0273,0.027, 0.2000, 2094.6115
22,1, 4352.458073, 6.200E-37, 0.000000,0.0273,0.027, 0.2000, 3711.5773
22,1, 4359.450351, 5.032E-34, 0.000000,0.0273,0.027, 0.2000, 1968.0293
22,1, 4361.937280, 5.047E-37, 0.000000,0.0273,0.027, 0.2000, 3609.4259
22,1, 4369.305051, 1.826E-33, 0.000000,0.0273,0.027, 0.2000, 1845.3580
22,1, 4371.353283, 1.609E-36, 0.000000,0.0273,0.027, 0.2000, 3511.1741
22,1, 4379.098061, 1.623E-33, 0.000000,0.0273,0.027, 0.2000, 1726.6019
22,1, 4380.705821, 1.256E-36, 0.000000,0.0273,0.027, 0.2000, 3416.8253
22,1, 4388.829122, 5.652E-33, 0.000000,0.0273,0.027, 0.2000, 1611.7652
22,1, 4389.994631, 3.840E-36, 0.000000,0.0273,0.027, 0.2000, 3326.3829
22,1, 4398.497975, 4.821E-33, 0.000000,0.0273,0.027, 0.2000, 1500.8518
22,1, 4399.219450, 2.873E-36, 0.000000,0.0273,0.027, 0.2000, 3239.8501
22,1, 4405.469420, 1.454E-39, 0.000000,0.0396,0.040, 0.5200, 5041.4190
22,1, 4408.104358, 1.611E-32, 0.000000,0.0273,0.027, 0.2000, 1393.8655
22,1, 4408.380014, 8.411E-36, 0.000000,0.0274,0.027, 0.2000, 3157.2298
22,1, 4417.476058, 6.024E-36, 0.000000,0.0291,0.029, 0.2000, 3078.5249
22,1, 4417.648013, 1.318E-32, 0.000000,0.0273,0.027, 0.2000, 1290.8100
22,1, 4422.675150, 2.184E-39, 0.000000,0.0433,0.043, 0.6200, 4935.9739
22,1, 4426.507317, 1.688E-35, 0.000000,0.0311,0.031, 0.2700, 3003.7383
22,1, 4427.128676, 4.221E-32, 0.000000,0.0273,0.027, 0.2000, 1191.6890
22,1, 4431.177843, 1.286E-39, 0.000000,0.0448,0.045, 0.6500, 4889.0986
22,1, 4435.473524, 1.156E-35, 0.000000,0.0332,0.033, 0.3400, 2932.8725
22,1, 4436.546085, 3.310E-32, 0.000000,0.0273,0.027, 0.2000, 1096.5059
22,1, 4439.613394, 2.945E-39, 0.000000,0.0463,0.046, 0.6800, 4846.1238
22,1, 4444.374414, 3.093E-35, 0.000000,0.0354,0.035, 0.4100, 2865.9300
22,1, 4445.899979, 1.016E-31, 0.000000,0.0273,0.027, 0.2000, 1005.2639
22,1, 4447.981531, 1.635E-39, 0.000000,0.0476,0.048, 0.7100, 4807.0509
22,1, 4453.209719, 2.022E-35, 0.000000,0.0375,0.037, 0.4700, 2802.9132
22,1, 4455.190092, 7.633E-32, 0.000000,0.0273,0.027, 0.2000,  917.9663
22,1, 4456.281984, 3.513E-39, 0.000000,0.0488,0.049, 0.7300, 4771.8814
22,1, 4461.979170, 5.160E-35, 0.000000,0.0396,0.040, 0.5200, 2743.8242
22,1, 4464.416161, 2.244E-31, 0.000000,0.0274,0.027, 0.2000,  834.6161
22,1, 4464.514479, 1.817E-39, 0.000000,0.0499,0.050, 0.7400, 4740.6165
22,1, 4470.682500, 3.212E-35, 0.000000,0.0415,0.042, 0.5700, 2688.6651
22,1, 4472.678743, 3.597E-39, 0.000000,0.0512,0.051, 0.7500, 4713.2573
22,1, 4473.577920, 1.613E-31, 0.000000,0.0291,0.029, 0.2000,  755.2160
22,1, 4479.319438, 7.792E-35, 0.000000,0.0433,0.043, 0.6200, 2637.4379
22,1, 4480.774503, 1.686E-39, 0.000000,0.0525,0.052, 0.7600, 4689.8047
22,1, 4482.675104, 4.535E-31, 0.000000,0.0311,0.031, 0.2700,  679.7690
22,1, 4487.889716, 4.600E-35, 0.000000,0.0448,0.045, 0.6500, 2590.1444
22,1, 4488.801485, 2.935E-39, 0.000000,0.0542,0.054, 0.7600, 4670.2596
22,1, 4491.707447, 3.116E-31, 0.000000,0.0332,0.033, 0.3400,  608.2776
22,1, 4496.393061, 1.056E-34, 0.000000,0.0463,0.046, 0.6800, 2546.7862
22,1, 4496.759414, 1.137E-39, 0.000000,0.0562,0.056, 0.7700, 4654.6228
22,1, 4500.674682, 8.369E-31, 0.000000,0.0354,0.035, 0.4100,  540.7443
22,1, 4504.648014, 1.372E-39, 0.000000,0.0588,0.059, 0.7800, 4642.8946
22,1, 4504.829205, 5.874E-35, 0.000000,0.0476,0.048, 0.7100, 2507.3648
22,1, 4509.023516, 1.494E-39, 0.000000,0.0357,0.036, 0.5200, 5041.4190
22,1, 4509.576540, 5.487E-31, 0.000000,0.0375,0.037, 0.4700,  477.1714
22,1, 4510.914501, 2.153E-39, 0.000000,0.0374,0.037, 0.6200, 4935.9739
22,1, 4511.754895, 1.245E-39, 0.000000,0.0432,0.043, 0.6500, 4889.0986
22,1, 4512.525232, 2.805E-39, 0.000000,0.0466,0.047, 0.6800, 4846.1238
22,1, 4513.197874, 1.264E-34, 0.000000,0.0488,0.049, 0.7300, 2471.8816
22,1, 4513.225518, 1.537E-39, 0.000000,0.0472,0.047, 0.7100, 4807.0509
22,1, 4513.855760, 3.270E-39, 0.000000,0.0469,0.047, 0.7300, 4771.8814
22,1, 4514.415962, 1.684E-39, 0.000000,0.0476,0.048, 0.7400, 4740.6165
22,1, 4514.906130, 3.350E-39, 0.000000,0.0469,0.047, 0.7500, 4713.2573
22,1, 4515.326266, 1.600E-39, 0.000000,0.0477,0.048, 0.7600, 4689.8047
22,1, 4515.676374, 2.917E-39, 0.000000,0.0490,0.049, 0.7600, 4670.2596
22,1, 4515.956457, 1.257E-39, 0.000000,0.0509,0.051, 0.7700, 4654.6228
22,1, 4516.166518, 2.036E-39, 0.000000,0.0535,0.053, 0.7800, 4642.8946
22,1, 4518.412755, 1.405E-30, 0.000000,0.0396,0.040, 0.5200,  417.5611
22,1, 4521.498797, 6.549E-35, 0.000000,0.0499,0.050, 0.7400, 2440.3379
22,1, 4527.183057, 8.766E-31, 0.000000,0.0415,0.042, 0.5700,  361.9156
22,1, 4527.281323, 2.977E-39, 0.000000,0.0200,0.020, 0.2000, 4946.7152
22,1, 4527.895080, 1.567E-39, 0.000000,0.0663,0.066, 0.8100, 4631.1661
22,1, 4529.731700, 1.299E-34, 0.000000,0.0512,0.051, 0.7500, 2412.7347
22,1, 4529.798467, 2.873E-39, 0.000000,0.0200,0.020, 0.2000, 4805.7870
22,1, 4532.245462, 1.087E-38, 0.000000,0.0200,0.020, 0.2000, 4668.7166
22,1, 4534.622328, 1.009E-38, 0.000000,0.0200,0.020, 0.2000, 4535.5086
22,1, 4535.503600, 1.418E-39, 0.000000,0.0621,0.062, 0.7900, 4635.0756
22,1, 4535.887176, 2.132E-30, 0.000000,0.0433,0.043, 0.6200,  310.2366
22,1, 4536.929085, 3.672E-38, 0.000000,0.0200,0.020, 0.2000, 4406.1677
22,1, 4537.896311, 6.094E-35, 0.000000,0.0525,0.052, 0.7600, 2389.0730
22,1, 4539.165751, 3.276E-38, 0.000000,0.0200,0.020, 0.2000, 4280.6986
22,1, 4541.332344, 1.146E-37, 0.000000,0.0200,0.020, 0.2000, 4159.1055
22,1, 4543.041406, 3.999E-39, 0.000000,0.0588,0.059, 0.7800, 4642.8946
22,1, 4543.428882, 9.823E-38, 0.000000,0.0200,0.020, 0.2000, 4041.3928
22,1, 4544.524844, 1.262E-30, 0.000000,0.0448,0.045, 0.6500,  262.5261
22,1, 4545.455381, 3.302E-37, 0.000000,0.0200,0.020, 0.2000, 3927.5645
22,1, 4545.790299, 1.132E-39, 0.000000,0.0200,0.020, 0.2000, 4840.1026
22,1, 4545.992356, 1.062E-34, 0.000000,0.0542,0.054, 0.7600, 2369.3537
22,1, 4547.411858, 2.719E-37, 0.000000,0.0200,0.020, 0.2000, 3817.6248
22,1, 4549.210292, 5.651E-39, 0.000000,0.0200,0.020, 0.2000, 4647.8168
22,1, 4549.298328, 8.776E-37, 0.000000,0.0200,0.020, 0.2000, 3711.5773
22,1, 4550.508219, 2.509E-39, 0.000000,0.0562,0.056, 0.7700, 4654.6228
22,1, 4551.114806, 6.940E-37, 0.000000,0.0200,0.020, 0.2000, 3609.4259
22,1, 4552.560071, 6.919E-39, 0.000000,0.0200,0.020, 0.2000, 4459.3490
22,1, 4552.861306, 2.150E-36, 0.000000,0.0200,0.020, 0.2000, 3511.1741
22,1, 4553.095789, 2.902E-30, 0.000000,0.0463,0.046, 0.6800,  218.7856
22,1, 4554.019559, 4.120E-35, 0.000000,0.0562,0.056, 0.7700, 2353.5774
22,1, 4554.537842, 1.632E-36, 0.000000,0.0214,0.021, 0.2000, 3416.8253
22,1, 4555.839663, 3.325E-38, 0.000000,0.0200,0.020, 0.2000, 4274.7055
22,1, 4556.144427, 4.852E-36, 0.000000,0.0230,0.023, 0.2000, 3326.3829
22,1, 4557.681073, 3.531E-36, 0.000000,0.0250,0.025, 0.2000, 3239.8501
22,1, 4557.903760, 5.848E-39, 0.000000,0.0542,0.054, 0.7600, 4670.2596
22,1, 4559.049096, 3.919E-38, 0.000000,0.0200,0.020, 0.2000, 4093.8929
22,1, 4559.147792, 1.006E-35, 0.000000,0.0273,0.027, 0.2000, 3157.2298
22,1, 4560.544596, 7.020E-36, 0.000000,0.0299,0.030, 0.2000, 3078.5249
22,1, 4561.599741, 1.618E-30, 0.000000,0.0476,0.048, 0.7100,  179.0168
22,1, 4561.871494, 1.917E-35, 0.000000,0.0327,0.033, 0.2700, 3003.7383
22,1, 4561.977647, 4.975E-35, 0.000000,0.0588,0.059, 0.7800, 2341.7447
22,1, 4562.188396, 1.813E-37, 0.000000,0.0200,0.020, 0.2000, 3916.9175
22,1, 4563.128498, 1.280E-35, 0.000000,0.0332,0.033, 0.3400, 2932.8725
22,1, 4564.315616, 3.343E-35, 0.000000,0.0339,0.034, 0.4100, 2865.9300
22,1, 4565.227749, 3.227E-39, 0.000000,0.0525,0.052, 0.7600, 4689.8047
22,1, 4565.257589, 2.056E-37, 0.000000,0.0200,0.020, 0.2000, 3743.7852
22,1, 4565.432858, 2.134E-35, 0.000000,0.0330,0.033, 0.4700, 2802.9132
22,1, 4566.480231, 5.324E-35, 0.000000,0.0357,0.036, 0.5200, 2743.8242
22,1, 4567.457745, 3.243E-35, 0.000000,0.0356,0.036, 0.5700, 2688.6651
22,1, 4568.256699, 9.151E-37, 0.000000,0.0200,0.020, 0.2000, 3574.5023
22,1, 4568.365406, 7.709E-35, 0.000000,0.0374,0.037, 0.6200, 2637.4379
22,1, 4569.203221, 4.467E-35, 0.000000,0.0432,0.043, 0.6500, 2590.1444
22,1, 4569.971196, 1.008E-34, 0.000000,0.0466,0.047, 0.6800, 2546.7862
22,1, 4570.036428, 3.488E-30, 0.000000,0.0488,0.049, 0.7300,  143.2209
22,1, 4570.669337, 5.534E-35, 0.000000,0.0472,0.047, 0.7100, 2507.3648
22,1, 4571.185752, 9.987E-37, 0.000000,0.0200,0.020, 0.2000, 3409.0746
22,1, 4571.297649, 1.179E-34, 0.000000,0.0469,0.047, 0.7300, 2471.8816
22,1, 4571.856137, 6.083E-35, 0.000000,0.0476,0.048, 0.7400, 2440.3379
22,1, 4572.344805, 1.211E-34, 0.000000,0.0469,0.047, 0.7500, 2412.7347
22,1, 4572.479906, 6.815E-39, 0.000000,0.0512,0.051, 0.7500, 4713.2573
22,1, 4572.763657, 5.792E-35, 0.000000,0.0477,0.048, 0.7600, 2389.0730
22,1, 4573.112695, 1.057E-34, 0.000000,0.0490,0.049, 0.7600, 2369.3537
22,1, 4573.391923, 4.556E-35, 0.000000,0.0509,0.051, 0.7700, 2353.5774
22,1, 4573.601342, 7.386E-35, 0.000000,0.0535,0.053, 0.7800, 2341.7447
22,1, 4573.740954, 3.223E-35, 0.000000,0.0567,0.057, 0.7900, 2333.8560
22,1, 4574.044771, 4.277E-36, 0.000000,0.0200,0.020, 0.2000, 3247.5078
22,1, 4576.833777, 4.490E-36, 0.000000,0.0200,0.020, 0.2000, 3089.8075
22,1, 4578.405577, 1.810E-30, 0.000000,0.0499,0.050, 0.7400,  111.3991
22,1, 4579.552794, 1.849E-35, 0.000000,0.0200,0.020, 0.2000, 2935.9792
22,1, 4579.659949, 3.466E-39, 0.000000,0.0499,0.050, 0.7400, 4740.6165
22,1, 4582.201842, 1.867E-35, 0.000000,0.0200,0.020, 0.2000, 2786.0283
22,1, 4584.780943, 7.397E-35, 0.000000,0.0200,0.020, 0.2000, 2639.9600
22,1, 4585.434455, 5.688E-35, 0.000000,0.0663,0.066, 0.8100, 2329.9116
22,1, 4586.706917, 3.595E-30, 0.000000,0.0512,0.051, 0.7500,   83.5527
22,1, 4586.767598, 6.820E-39, 0.000000,0.0488,0.049, 0.7300, 4771.8814
22,1, 4587.290115, 7.182E-35, 0.000000,0.0200,0.020, 0.2000, 2497.7792
22,1, 4589.729378, 2.735E-34, 0.000000,0.0200,0.020, 0.2000, 2359.4911
22,1, 4592.098751, 2.552E-34, 0.000000,0.0200,0.020, 0.2000, 2225.1003
22,1, 4593.113318, 5.150E-35, 0.000000,0.0621,0.062, 0.7900, 2333.8560
22,1, 4593.802569, 3.254E-39, 0.000000,0.0476,0.048, 0.7100, 4807.0509
22,1, 4594.398251, 9.341E-34, 0.000000,0.0200,0.020, 0.2000, 2094.6115
22,1, 4594.940174, 1.689E-30, 0.000000,0.0525,0.052, 0.7600,   59.6826
22,1, 4596.627896, 8.378E-34, 0.000000,0.0200,0.020, 0.2000, 1968.0293
22,1, 4598.787703, 2.946E-33, 0.000000,0.0200,0.020, 0.2000, 1845.3580
22,1, 4600.721682, 1.452E-34, 0.000000,0.0588,0.059, 0.7800, 2341.7447
22,1, 4600.764582, 6.036E-39, 0.000000,0.0463,0.046, 0.6800, 4846.1238
22,1, 4600.877687, 2.539E-33, 0.000000,0.0200,0.020, 0.2000, 1726.6019
22,1, 4602.897863, 8.574E-33, 0.000000,0.0200,0.020, 0.2000, 1611.7652
22,1, 4603.105074, 2.948E-30, 0.000000,0.0542,0.054, 0.7600,   39.7895
22,1, 4604.848248, 7.094E-33, 0.000000,0.0200,0.020, 0.2000, 1500.8518
22,1, 4606.728854, 2.301E-32, 0.000000,0.0200,0.020, 0.2000, 1393.8655
22,1, 4607.653353, 2.725E-39, 0.000000,0.0448,0.045, 0.6500, 4889.0986
22,1, 4608.259269, 9.106E-35, 0.000000,0.0562,0.056, 0.7700, 2353.5774
22,1, 4608.539696, 1.827E-32, 0.000000,0.0200,0.020, 0.2000, 1290.8100
22,1, 4610.280786, 5.686E-32, 0.000000,0.0200,0.020, 0.2000, 1191.6890
22,1, 4611.201344, 1.144E-30, 0.000000,0.0562,0.056, 0.7700,   23.8743
22,1, 4611.952138, 4.333E-32, 0.000000,0.0214,0.021, 0.2000, 1096.5059
22,1, 4613.553762, 1.293E-31, 0.000000,0.0230,0.023, 0.2000, 1005.2639
22,1, 4614.468598, 4.797E-39, 0.000000,0.0433,0.043, 0.6200, 4935.9739
22,1, 4615.085671, 9.447E-32, 0.000000,0.0250,0.025, 0.2000,  917.9663
22,1, 4615.725801, 2.122E-34, 0.000000,0.0542,0.054, 0.7600, 2369.3537
22,1, 4616.547874, 2.702E-31, 0.000000,0.0273,0.027, 0.2000,  834.6161
22,1, 4617.940384, 1.891E-31, 0.000000,0.0299,0.030, 0.2000,  755.2160
22,1, 4619.228708, 1.383E-30, 0.000000,0.0588,0.059, 0.7800,   11.9373
22,1, 4619.263208, 5.181E-31, 0.000000,0.0327,0.033, 0.2700,  679.7690
22,1, 4620.516357, 3.470E-31, 0.000000,0.0332,0.033, 0.3400,  608.2776
22,1, 4621.210033, 2.060E-39, 0.000000,0.0415,0.042, 0.5700, 4986.7479
22,1, 4621.699840, 9.090E-31, 0.000000,0.0339,0.034, 0.4100,  540.7443
22,1, 4622.813663, 5.818E-31, 0.000000,0.0330,0.033, 0.4700,  477.1714
22,1, 4623.120998, 1.170E-34, 0.000000,0.0525,0.052, 0.7600, 2389.0730
22,1, 4623.857836, 1.455E-30, 0.000000,0.0357,0.036, 0.5200,  417.5611
22,1, 4624.832365, 8.885E-31, 0.000000,0.0356,0.036, 0.5700,  361.9156
22,1, 4625.737258, 2.117E-30, 0.000000,0.0374,0.037, 0.6200,  310.2366
22,1, 4626.572519, 1.229E-30, 0.000000,0.0432,0.043, 0.6500,  262.5261
22,1, 4627.338155, 2.780E-30, 0.000000,0.0466,0.047, 0.6800,  218.7856
22,1, 4627.877374, 3.454E-39, 0.000000,0.0396,0.040, 0.5200, 5041.4190
22,1, 4628.034172, 1.528E-30, 0.000000,0.0472,0.047, 0.7100,  179.0168
22,1, 4628.660573, 3.261E-30, 0.000000,0.0469,0.047, 0.7300,  143.2209
22,1, 4629.217364, 1.685E-30, 0.000000,0.0476,0.048, 0.7400,  111.3991
22,1, 4629.704548, 3.359E-30, 0.000000,0.0469,0.047, 0.7500,   83.5527
22,1, 4630.122127, 1.608E-30, 0.000000,0.0477,0.048, 0.7600,   59.6826
22,1, 4630.444581, 2.469E-34, 0.000000,0.0512,0.051, 0.7500, 2412.7347
22,1, 4630.470106, 2.936E-30, 0.000000,0.0490,0.049, 0.7600,   39.7895
22,1, 4630.748487, 1.266E-30, 0.000000,0.0509,0.051, 0.7700,   23.8743
22,1, 4630.957270, 2.054E-30, 0.000000,0.0535,0.053, 0.7800,   11.9373
22,1, 4631.096458, 8.968E-31, 0.000000,0.0567,0.057, 0.7900,    3.9792
22,1, 4634.470336, 1.415E-39, 0.000000,0.0375,0.037, 0.4700, 5099.9850
22,1, 4637.696269, 1.255E-34, 0.000000,0.0499,0.050, 0.7400, 2440.3379
22,1, 4640.988633, 2.266E-39, 0.000000,0.0354,0.035, 0.4100, 5162.4441
22,1, 4642.894615, 1.583E-30, 0.000000,0.0663,0.066, 0.8100,    0.0000
22,1, 4644.875784, 2.466E-34, 0.000000,0.0488,0.049, 0.7300, 2471.8816
22,1, 4650.643601, 1.434E-30, 0.000000,0.0621,0.062, 0.7900,    3.9792
22,1, 4651.982842, 1.175E-34, 0.000000,0.0476,0.048, 0.7100, 2507.3648
22,1, 4653.800089, 1.359E-39, 0.000000,0.0311,0.031, 0.2700, 5299.0322
22,1, 4658.322302, 4.041E-30, 0.000000,0.0588,0.059, 0.7800,   11.9373
22,1, 4659.017163, 2.176E-34, 0.000000,0.0463,0.046, 0.6800, 2546.7862
22,1, 4665.930440, 2.534E-30, 0.000000,0.0562,0.056, 0.7700,   23.8743
22,1, 4665.978466, 9.810E-35, 0.000000,0.0448,0.045, 0.6500, 2590.1444
22,1, 4672.866467, 1.724E-34, 0.000000,0.0433,0.043, 0.6200, 2637.4379
22,1, 4673.467737, 5.902E-30, 0.000000,0.0542,0.054, 0.7600,   39.7895
22,1, 4679.680884, 7.387E-35, 0.000000,0.0415,0.042, 0.5700, 2688.6651
22,1, 4680.933914, 3.253E-30, 0.000000,0.0525,0.052, 0.7600,   59.6826
22,1, 4686.421433, 1.236E-34, 0.000000,0.0396,0.040, 0.5200, 2743.8242
22,1, 4688.328693, 6.860E-30, 0.000000,0.0512,0.051, 0.7500,   83.5527
22,1, 4693.087831, 5.052E-35, 0.000000,0.0375,0.037, 0.4700, 2802.9132
22,1, 4695.651795, 3.482E-30, 0.000000,0.0499,0.050, 0.7400,  111.3991
22,1, 4699.679793, 8.070E-35, 0.000000,0.0354,0.035, 0.4100, 2865.9300
22,1, 4702.902940, 6.836E-30, 0.000000,0.0488,0.049, 0.7300,  143.2209
22,1, 4706.197036, 3.151E-35, 0.000000,0.0332,0.033, 0.3400, 2932.8725
22,1, 4710.081847, 3.253E-30, 0.000000,0.0476,0.048, 0.7100,  179.0168
22,1, 4712.639273, 4.814E-35, 0.000000,0.0311,0.031, 0.2700, 3003.7383
22,1, 4717.188236, 6.017E-30, 0.000000,0.0463,0.046, 0.6800,  218.7856
22,1, 4719.006219, 1.799E-35, 0.000000,0.0291,0.029, 0.2000, 3078.5249
22,1, 4724.221828, 2.708E-30, 0.000000,0.0448,0.045, 0.6500,  262.5261
22,1, 4725.297588, 2.631E-35, 0.000000,0.0274,0.027, 0.2000, 3157.2298
22,1, 4731.182339, 4.749E-30, 0.000000,0.0433,0.043, 0.6200,  310.2366
22,1, 4731.513095, 9.419E-36, 0.000000,0.0273,0.027, 0.2000, 3239.8501
22,1, 4737.652450, 1.321E-35, 0.000000,0.0273,0.027, 0.2000, 3326.3829
22,1, 4738.069488, 2.031E-30, 0.000000,0.0415,0.042, 0.5700,  361.9156
22,1, 4743.715369, 4.532E-36, 0.000000,0.0273,0.027, 0.2000, 3416.8253
22,1, 4744.882994, 3.392E-30, 0.000000,0.0396,0.040, 0.5200,  417.5611
22,1, 4749.701562, 6.094E-36, 0.000000,0.0273,0.027, 0.2000, 3511.1741
22,1, 4751.622573, 1.383E-30, 0.000000,0.0375,0.037, 0.4700,  477.1714
22,1, 4755.610741, 2.007E-36, 0.000000,0.0273,0.027, 0.2000, 3609.4259
22,1, 4758.287943, 2.203E-30, 0.000000,0.0354,0.035, 0.4100,  540.7443
22,1, 4761.442618, 2.589E-36, 0.000000,0.0273,0.027, 0.2000, 3711.5773
22,1, 4764.878821, 8.581E-31, 0.000000,0.0332,0.033, 0.3400,  608.2776
22,1, 4767.196903, 8.185E-37, 0.000000,0.0273,0.027, 0.2000, 3817.6248
22,1, 4771.394922, 1.307E-30, 0.000000,0.0311,0.031, 0.2700,  679.7690
22,1, 4772.873306, 1.014E-36, 0.000000,0.0273,0.027, 0.2000, 3927.5645
22,1, 4777.835962, 4.870E-31, 0.000000,0.0291,0.029, 0.2000,  755.2160
22,1, 4778.471538, 3.078E-37, 0.000000,0.0273,0.027, 0.2000, 4041.3928
22,1, 4783.991308, 3.663E-37, 0.000000,0.0273,0.027, 0.2000, 4159.1055
22,1, 4784.201658, 7.101E-31, 0.000000,0.0274,0.027, 0.2000,  834.6161
22,1, 4789.432325, 1.068E-37, 0.000000,0.0273,0.027, 0.2000, 4280.6986
22,1, 4790.491723, 2.533E-31, 0.000000,0.0273,0.027, 0.2000,  917.9663
22,1, 4794.794297, 1.221E-37, 0.000000,0.0273,0.027, 0.2000, 4406.1677
22,1, 4796.705872, 3.539E-31, 0.000000,0.0273,0.027, 0.2000, 1005.2639
22,1, 4800.076932, 3.423E-38, 0.000000,0.0273,0.027, 0.2000, 4535.5086
22,1, 4802.843821, 1.210E-31, 0.000000,0.0273,0.027, 0.2000, 1096.5059
22,1, 4805.279937, 3.762E-38, 0.000000,0.0273,0.027, 0.2000, 4668.7166
22,1, 4808.905282, 1.621E-31, 0.000000,0.0273,0.027, 0.2000, 1191.6890
22,1, 4810.403019, 1.014E-38, 0.000000,0.0273,0.027, 0.2000, 4805.7870
22,1, 4814.889969, 5.316E-32, 0.000000,0.0273,0.027, 0.2000, 1290.8100
22,1, 4815.445886, 1.071E-38, 0.000000,0.0273,0.027, 0.2000, 4946.7152
22,1, 4820.408242, 2.775E-39, 0.000000,0.0273,0.027, 0.2000, 5091.4961
22,1, 4820.797595, 6.830E-32, 0.000000,0.0273,0.027, 0.2000, 1393.8655
22,1, 4825.289793, 2.820E-39, 0.000000,0.0273,0.027, 0.2000, 5240.1246
22,1, 4826.627873, 2.149E-32, 0.000000,0.0273,0.027, 0.2000, 1500.8518
22,1, 4832.380515, 2.651E-32, 0.000000,0.0273,0.027, 0.2000, 1611.7652
22,1, 4838.055232, 8.008E-33, 0.000000,0.0273,0.027, 0.2000, 1726.6019
22,1, 4843.651736, 9.483E-33, 0.000000,0.0273,0.027, 0.2000, 1845.3580
22,1, 4849.169739, 2.752E-33, 0.000000,0.0273,0.027, 0.2000, 1968.0293
22,1, 4854.608949, 3.130E-33, 0.000000,0.0273,0.027, 0.2000, 2094.6115
22,1, 4859.969078, 8.724E-34, 0.000000,0.0273,0.027, 0.2000, 2225.1003
22,1, 4865.249835, 9.534E-34, 0.000000,0.0273,0.027, 0.2000, 2359.4911
22,1, 4870.450930, 2.554E-34, 0.000000,0.0273,0.027, 0.2000, 2497.7792
22,1, 4875.572071, 2.683E-34, 0.000000,0.0273,0.027, 0.2000, 2639.9600
22,1, 4880.612966, 6.907E-35, 0.000000,0.0273,0.027, 0.2000, 2786.0283
22,1, 4885.573323, 6.975E-35, 0.000000,0.0273,0.027, 0.2000, 2935.9792
22,1, 4890.452850, 1.727E-35, 0.000000,0.0273,0.027, 0.2000, 3089.8075
22,1, 4895.251253, 1.677E-35, 0.000000,0.0273,0.027, 0.2000, 3247.5078
22,1, 4899.968239, 3.992E-36, 0.000000,0.0273,0.027, 0.2000, 3409.0746
22,1, 4904.603513, 3.729E-36, 0.000000,0.0273,0.027, 0.2000, 3574.5023
22,1, 4909.156782, 8.539E-37, 0.000000,0.0273,0.027, 0.2000, 3743.7852
22,1, 4913.627749, 7.673E-37, 0.000000,0.0273,0.027, 0.2000, 3916.9175
22,1, 4918.016120, 1.691E-37, 0.000000,0.0273,0.027, 0.2000, 4093.8929
22,1, 4922.321597, 1.462E-37, 0.000000,0.0273,0.027, 0.2000, 4274.7055
22,1, 4926.543885, 3.099E-38, 0.000000,0.0273,0.027, 0.2000, 4459.3490
22,1, 4930.682685, 2.579E-38, 0.000000,0.0273,0.027, 0.2000, 4647.8168
22,1, 4934.737700, 5.263E-39, 0.000000,0.0273,0.027, 0.2000, 4840.1026
22,1, 4938.708632, 4.216E-39, 0.000000,0.0273,0.027, 0.2000, 5036.1995
22,1, 6478.900504, 1.188E-39, 0.000000,0.0273,0.027, 0.2000, 3743.7852
22,1, 6490.912021, 5.612E-39, 0.000000,0.0273,0.027, 0.2000, 3574.5023
22,1, 6502.829693, 6.494E-39, 0.000000,0.0273,0.027, 0.2000, 3409.0746
22,1, 6514.653284, 2.944E-38, 0.000000,0.0273,0.027, 0.2000, 3247.5078
22,1, 6526.382556, 3.268E-38, 0.000000,0.0273,0.027, 0.2000, 3089.8075
22,1, 6538.017273, 1.422E-37, 0.000000,0.0273,0.027, 0.2000, 2935.9792
22,1, 6543.490677, 1.662E-39, 0.000000,0.0273,0.027, 0.2000, 4159.1055
22,1, 6549.557192, 1.514E-37, 0.000000,0.0273,0.027, 0.2000, 2786.0283
22,1, 6554.202972, 1.491E-39, 0.000000,0.0273,0.027, 0.2000, 4041.3928
22,1, 6561.002074, 6.320E-37, 0.000000,0.0273,0.027, 0.2000, 2639.9600
22,1, 6564.817926, 5.244E-39, 0.000000,0.0273,0.027, 0.2000, 3927.5645
22,1, 6572.351677, 6.458E-37, 0.000000,0.0273,0.027, 0.2000, 2497.7792
22,1, 6575.335287, 4.514E-39, 0.000000,0.0273,0.027, 0.2000, 3817.6248
22,1, 6583.605755, 2.585E-36, 0.000000,0.0273,0.027, 0.2000, 2359.4911
22,1, 6585.754805, 1.522E-38, 0.000000,0.0273,0.027, 0.2000, 3711.5773
22,1, 6594.764066, 2.535E-36, 0.000000,0.0273,0.027, 0.2000, 2225.1003
22,1, 6596.076226, 1.255E-38, 0.000000,0.0273,0.027, 0.2000, 3609.4259
22,1, 6605.826362, 9.733E-36, 0.000000,0.0273,0.027, 0.2000, 2094.6115
22,1, 6606.299297, 4.056E-38, 0.000000,0.0273,0.027, 0.2000, 3511.1741
22,1, 6616.423763, 3.206E-38, 0.000000,0.0273,0.027, 0.2000, 3416.8253
22,1, 6616.792397, 9.151E-36, 0.000000,0.0273,0.027, 0.2000, 1968.0293
22,1, 6626.449369, 9.922E-38, 0.000000,0.0273,0.027, 0.2000, 3326.3829
22,1, 6627.661922, 3.370E-35, 0.000000,0.0273,0.027, 0.2000, 1845.3580
22,1, 6636.375857, 7.510E-38, 0.000000,0.0273,0.027, 0.2000, 3239.8501
22,1, 6638.434689, 3.039E-35, 0.000000,0.0273,0.027, 0.2000, 1726.6019
22,1, 6646.202971, 2.224E-37, 0.000000,0.0274,0.027, 0.2000, 3157.2298
22,1, 6649.110445, 1.073E-34, 0.000000,0.0273,0.027, 0.2000, 1611.7652
22,1, 6655.930449, 1.611E-37, 0.000000,0.0291,0.029, 0.2000, 3078.5249
22,1, 6659.688940, 9.274E-35, 0.000000,0.0273,0.027, 0.2000, 1500.8518
22,1, 6665.558034, 4.562E-37, 0.000000,0.0311,0.031, 0.2700, 3003.7383
22,1, 6670.169922, 3.139E-34, 0.000000,0.0273,0.027, 0.2000, 1393.8655
22,1, 6675.085463, 3.157E-37, 0.000000,0.0332,0.033, 0.3400, 2932.8725
22,1, 6680.553135, 2.600E-34, 0.000000,0.0273,0.027, 0.2000, 1290.8100
22,1, 6684.512475, 8.536E-37, 0.000000,0.0354,0.035, 0.4100, 2865.9300
22,1, 6690.838326, 8.431E-34, 0.000000,0.0273,0.027, 0.2000, 1191.6890
22,1, 6693.838807, 5.634E-37, 0.000000,0.0375,0.037, 0.4700, 2802.9132
22,1, 6701.025239, 6.689E-34, 0.000000,0.0273,0.027, 0.2000, 1096.5059
22,1, 6703.064196, 1.452E-36, 0.000000,0.0396,0.040, 0.5200, 2743.8242
22,1, 6711.113616, 2.077E-33, 0.000000,0.0273,0.027, 0.2000, 1005.2639
22,1, 6712.188375, 9.121E-37, 0.000000,0.0415,0.042, 0.5700, 2688.6651
22,1, 6721.103201, 1.577E-33, 0.000000,0.0273,0.027, 0.2000,  917.9663
22,1, 6721.211081, 2.233E-36, 0.000000,0.0433,0.043, 0.6200, 2637.4379
22,1, 6730.132045, 1.330E-36, 0.000000,0.0448,0.045, 0.6500, 2590.1444
22,1, 6730.993734, 4.685E-33, 0.000000,0.0274,0.027, 0.2000,  834.6161
22,1, 6738.951001, 3.079E-36, 0.000000,0.0463,0.046, 0.6800, 2546.7862
22,1, 6740.784955, 3.403E-33, 0.000000,0.0291,0.029, 0.2000,  755.2160
22,1, 6747.667680, 1.727E-36, 0.000000,0.0476,0.048, 0.7100, 2507.3648
22,1, 6750.476604, 9.664E-33, 0.000000,0.0311,0.031, 0.2700,  679.7690
22,1, 6756.281812, 3.748E-36, 0.000000,0.0488,0.049, 0.7300, 2471.8816
22,1, 6760.068419, 6.704E-33, 0.000000,0.0332,0.033, 0.3400,  608.2776
22,1, 6762.221874, 1.127E-39, 0.000000,0.0200,0.020, 0.2000, 4406.1677
22,1, 6764.793129, 1.957E-36, 0.000000,0.0499,0.050, 0.7400, 2440.3379
22,1, 6765.582220, 1.006E-39, 0.000000,0.0200,0.020, 0.2000, 4280.6986
22,1, 6768.837279, 3.524E-39, 0.000000,0.0200,0.020, 0.2000, 4159.1055
22,1, 6769.560137, 1.817E-32, 0.000000,0.0354,0.035, 0.4100,  540.7443
22,1, 6771.987076, 3.024E-39, 0.000000,0.0200,0.020, 0.2000, 4041.3928
22,1, 6773.201357, 3.910E-36, 0.000000,0.0512,0.051, 0.7500, 2412.7347
22,1, 6775.031639, 1.018E-38, 0.000000,0.0200,0.020, 0.2000, 3927.5645
22,1, 6777.970993, 8.389E-39, 0.000000,0.0200,0.020, 0.2000, 3817.6248
22,1, 6778.951496, 1.202E-32, 0.000000,0.0375,0.037, 0.4700,  477.1714
22,1, 6780.805162, 2.711E-38, 0.000000,0.0200,0.020, 0.2000, 3711.5773
22,1, 6781.506227, 1.849E-36, 0.000000,0.0525,0.052, 0.7600, 2389.0730
22,1, 6783.534170, 2.146E-38, 0.000000,0.0200,0.020, 0.2000, 3609.4259
22,1, 6786.158038, 6.655E-38, 0.000000,0.0200,0.020, 0.2000, 3511.1741
22,1, 6788.242231, 3.105E-32, 0.000000,0.0396,0.040, 0.5200,  417.5611
22,1, 6788.676788, 5.055E-38, 0.000000,0.0214,0.021, 0.2000, 3416.8253
22,1, 6789.707464, 3.246E-36, 0.000000,0.0542,0.054, 0.7600, 2369.3537
22,1, 6791.090441, 1.504E-37, 0.000000,0.0230,0.023, 0.2000, 3326.3829
22,1, 6793.399015, 1.096E-37, 0.000000,0.0250,0.025, 0.2000, 3239.8501
22,1, 6795.602530, 3.126E-37, 0.000000,0.0273,0.027, 0.2000, 3157.2298
22,1, 6797.432076, 1.955E-32, 0.000000,0.0415,0.042, 0.5700,  361.9156
22,1, 6797.701003, 2.182E-37, 0.000000,0.0299,0.030, 0.2000, 3078.5249
22,1, 6797.804795, 1.268E-36, 0.000000,0.0562,0.056, 0.7700, 2353.5774
22,1, 6799.694451, 5.962E-37, 0.000000,0.0327,0.033, 0.2700, 3003.7383
22,1, 6800.093306, 4.254E-39, 0.000000,0.0200,0.020, 0.2000, 3916.9175
22,1, 6801.582889, 3.984E-37, 0.000000,0.0332,0.033, 0.3400, 2932.8725
22,1, 6803.366333, 1.041E-36, 0.000000,0.0339,0.034, 0.4100, 2865.9300
22,1, 6804.704557, 4.834E-39, 0.000000,0.0200,0.020, 0.2000, 3743.7852
22,1, 6805.044796, 6.651E-37, 0.000000,0.0330,0.033, 0.4700, 2802.9132
22,1, 6805.797946, 1.542E-36, 0.000000,0.0588,0.059, 0.7800, 2341.7447
22,1, 6806.520765, 4.794E-32, 0.000000,0.0433,0.043, 0.6200,  310.2366
22,1, 6806.618292, 1.660E-36, 0.000000,0.0357,0.036, 0.5200, 2743.8242
22,1, 6808.086833, 1.012E-36, 0.000000,0.0356,0.036, 0.5700, 2688.6651
22,1, 6809.210494, 2.155E-38, 0.000000,0.0200,0.020, 0.2000, 3574.5023
22,1, 6809.450431, 2.406E-36, 0.000000,0.0374,0.037, 0.6200, 2637.4379
22,1, 6810.709096, 1.395E-36, 0.000000,0.0432,0.043, 0.6500, 2590.1444
22,1, 6811.862838, 3.150E-36, 0.000000,0.0466,0.047, 0.6800, 2546.7862
22,1, 6812.911666, 1.730E-36, 0.000000,0.0472,0.047, 0.7100, 2507.3648
22,1, 6813.611154, 2.356E-38, 0.000000,0.0200,0.020, 0.2000, 3409.0746
22,1, 6813.855589, 3.687E-36, 0.000000,0.0469,0.047, 0.7300, 2471.8816
22,1, 6814.694612, 1.903E-36, 0.000000,0.0476,0.048, 0.7400, 2440.3379
22,1, 6815.428744, 3.790E-36, 0.000000,0.0469,0.047, 0.7500, 2412.7347
22,1, 6815.508033, 2.860E-32, 0.000000,0.0448,0.045, 0.6500,  262.5261
22,1, 6816.057989, 1.812E-36, 0.000000,0.0477,0.048, 0.7600, 2389.0730
22,1, 6816.582352, 3.307E-36, 0.000000,0.0490,0.049, 0.7600, 2369.3537
22,1, 6817.001838, 1.426E-36, 0.000000,0.0509,0.051, 0.7700, 2353.5774
22,1, 6817.316450, 2.312E-36, 0.000000,0.0535,0.053, 0.7800, 2341.7447
22,1, 6817.526190, 1.009E-36, 0.000000,0.0567,0.057, 0.7900, 2333.8560
22,1, 6817.906574, 1.010E-37, 0.000000,0.0200,0.020, 0.2000, 3247.5078
22,1, 6822.096790, 1.063E-37, 0.000000,0.0200,0.020, 0.2000, 3089.8075
22,1, 6824.393610, 6.630E-32, 0.000000,0.0463,0.046, 0.6800,  218.7856
22,1, 6826.181836, 4.383E-37, 0.000000,0.0200,0.020, 0.2000, 2935.9792
22,1, 6829.149563, 1.798E-36, 0.000000,0.0663,0.066, 0.8100, 2329.9116
22,1, 6830.161745, 4.432E-37, 0.000000,0.0200,0.020, 0.2000, 2786.0283
22,1, 6833.177229, 3.725E-32, 0.000000,0.0476,0.048, 0.7100,  179.0168
22,1, 6834.036549, 1.758E-36, 0.000000,0.0200,0.020, 0.2000, 2639.9600
22,1, 6836.723233, 1.638E-36, 0.000000,0.0621,0.062, 0.7900, 2333.8560
22,1, 6837.806280, 1.709E-36, 0.000000,0.0200,0.020, 0.2000, 2497.7792
22,1, 6841.470967, 6.518E-36, 0.000000,0.0200,0.020, 0.2000, 2359.4911
22,1, 6841.858619, 8.092E-32, 0.000000,0.0488,0.049, 0.7300,  143.2209
22,1, 6844.191339, 4.647E-36, 0.000000,0.0588,0.059, 0.7800, 2341.7447
22,1, 6845.030640, 6.091E-36, 0.000000,0.0200,0.020, 0.2000, 2225.1003
22,1, 6848.485327, 2.232E-35, 0.000000,0.0200,0.020, 0.2000, 2094.6115
22,1, 6850.437511, 4.230E-32, 0.000000,0.0499,0.050, 0.7400,  111.3991
22,1, 6851.553601, 2.933E-36, 0.000000,0.0562,0.056, 0.7700, 2353.5774
22,1, 6851.835054, 2.004E-35, 0.000000,0.0200,0.020, 0.2000, 1968.0293
22,1, 6855.079847, 7.057E-35, 0.000000,0.0200,0.020, 0.2000, 1845.3580
22,1, 6858.219733, 6.088E-35, 0.000000,0.0200,0.020, 0.2000, 1726.6019
22,1, 6858.809739, 6.873E-36, 0.000000,0.0542,0.054, 0.7600, 2369.3537
22,1, 6858.913634, 8.459E-32, 0.000000,0.0512,0.051, 0.7500,   83.5527
22,1, 6861.254735, 2.059E-34, 0.000000,0.0200,0.020, 0.2000, 1611.7652
22,1, 6864.184875, 1.705E-34, 0.000000,0.0200,0.020, 0.2000, 1500.8518
22,1, 6865.959472, 3.812E-36, 0.000000,0.0525,0.052, 0.7600, 2389.0730
22,1, 6867.010177, 5.535E-34, 0.000000,0.0200,0.020, 0.2000, 1393.8655
22,1, 6867.286716, 4.002E-32, 0.000000,0.0525,0.052, 0.7600,   59.6826
22,1, 6869.730662, 4.401E-34, 0.000000,0.0200,0.020, 0.2000, 1290.8100
22,1, 6872.346350, 1.371E-33, 0.000000,0.0200,0.020, 0.2000, 1191.6890
22,1, 6873.002520, 8.091E-36, 0.000000,0.0512,0.051, 0.7500, 2412.7347
22,1, 6874.857260, 1.045E-33, 0.000000,0.0214,0.021, 0.2000, 1096.5059
22,1, 6875.556484, 7.032E-32, 0.000000,0.0542,0.054, 0.7600,   39.7895
22,1, 6877.263412, 3.123E-33, 0.000000,0.0230,0.023, 0.2000, 1005.2639
22,1, 6879.564824, 2.284E-33, 0.000000,0.0250,0.025, 0.2000,  917.9663
22,1, 6879.938599, 4.133E-36, 0.000000,0.0499,0.050, 0.7400, 2440.3379
22,1, 6881.761512, 6.538E-33, 0.000000,0.0273,0.027, 0.2000,  834.6161
22,1, 6883.722664, 2.748E-32, 0.000000,0.0562,0.056, 0.7700,   23.8743
22,1, 6883.853493, 4.579E-33, 0.000000,0.0299,0.030, 0.2000,  755.2160
22,1, 6885.840781, 1.255E-32, 0.000000,0.0327,0.033, 0.2700,  679.7690
22,1, 6886.767426, 8.167E-36, 0.000000,0.0488,0.049, 0.7300, 2471.8816
22,1, 6887.723392, 8.413E-33, 0.000000,0.0332,0.033, 0.3400,  608.2776
22,1, 6889.501339, 2.205E-32, 0.000000,0.0339,0.034, 0.4100,  540.7443
22,1, 6891.174635, 1.412E-32, 0.000000,0.0330,0.033, 0.4700,  477.1714
22,1, 6891.784984, 3.342E-32, 0.000000,0.0588,0.059, 0.7800,   11.9373
22,1, 6892.743292, 3.535E-32, 0.000000,0.0357,0.036, 0.5200,  417.5611
22,1, 6893.488718, 3.912E-36, 0.000000,0.0476,0.048, 0.7100, 2507.3648
22,1, 6894.207321, 2.159E-32, 0.000000,0.0356,0.036, 0.5700,  361.9156
22,1, 6895.566733, 5.147E-32, 0.000000,0.0374,0.037, 0.6200,  310.2366
22,1, 6896.821538, 2.990E-32, 0.000000,0.0432,0.043, 0.6500,  262.5261
22,1, 6897.971744, 6.765E-32, 0.000000,0.0466,0.047, 0.6800,  218.7856
22,1, 6899.017361, 3.720E-32, 0.000000,0.0472,0.047, 0.7100,  179.0168
22,1, 6899.958394, 7.943E-32, 0.000000,0.0469,0.047, 0.7300,  143.2209
22,1, 6900.102189, 7.284E-36, 0.000000,0.0463,0.046, 0.6800, 2546.7862
22,1, 6900.794852, 4.104E-32, 0.000000,0.0476,0.048, 0.7400,  111.3991
22,1, 6901.526739, 8.185E-32, 0.000000,0.0469,0.047, 0.7500,   83.5527
22,1, 6902.154061, 3.919E-32, 0.000000,0.0477,0.048, 0.7600,   59.6826
22,1, 6902.676823, 7.157E-32, 0.000000,0.0490,0.049, 0.7600,   39.7895
22,1, 6903.095028, 3.088E-32, 0.000000,0.0509,0.051, 0.7700,   23.8743
22,1, 6903.408680, 5.009E-32, 0.000000,0.0535,0.053, 0.7800,   11.9373
22,1, 6903.617779, 2.187E-32, 0.000000,0.0567,0.057, 0.7900,    3.9792
22,1, 6906.607554, 3.300E-36, 0.000000,0.0448,0.045, 0.6500, 2590.1444
22,1, 6913.004528, 5.827E-36, 0.000000,0.0433,0.043, 0.6200, 2637.4379
22,1, 6915.346024, 3.897E-32, 0.000000,0.0663,0.066, 0.8100,    0.0000
22,1, 6919.292822, 2.509E-36, 0.000000,0.0415,0.042, 0.5700, 2688.6651
22,1, 6922.990143, 3.548E-32, 0.000000,0.0621,0.062, 0.7900,    3.9792
22,1, 6925.472150, 4.219E-36, 0.000000,0.0396,0.040, 0.5200, 2743.8242
22,1, 6930.529019, 1.006E-31, 0.000000,0.0588,0.059, 0.7800,   11.9373
22,1, 6931.542222, 1.732E-36, 0.000000,0.0375,0.037, 0.4700, 2802.9132
22,1, 6937.502750, 2.780E-36, 0.000000,0.0354,0.035, 0.4100, 2865.9300
22,1, 6937.962374, 6.343E-32, 0.000000,0.0562,0.056, 0.7700,   23.8743
22,1, 6943.353443, 1.090E-36, 0.000000,0.0332,0.033, 0.3400, 2932.8725
22,1, 6945.289928, 1.485E-31, 0.000000,0.0542,0.054, 0.7600,   39.7895
22,1, 6949.094011, 1.673E-36, 0.000000,0.0311,0.031, 0.2700, 3003.7383
22,1, 6952.511402, 8.228E-32, 0.000000,0.0525,0.052, 0.7600,   59.6826
22,1, 6954.724161, 6.278E-37, 0.000000,0.0291,0.029, 0.2000, 3078.5249
22,1, 6959.626514, 1.744E-31, 0.000000,0.0512,0.051, 0.7500,   83.5527
22,1, 6960.243602, 9.223E-37, 0.000000,0.0274,0.027, 0.2000, 3157.2298
22,1, 6965.652040, 3.315E-37, 0.000000,0.0273,0.027, 0.2000, 3239.8501
22,1, 6966.634984, 8.899E-32, 0.000000,0.0499,0.050, 0.7400,  111.3991
22,1, 6970.949182, 4.667E-37, 0.000000,0.0273,0.027, 0.2000, 3326.3829
22,1, 6973.536528, 1.755E-31, 0.000000,0.0488,0.049, 0.7300,  143.2209
22,1, 6976.134732, 1.608E-37, 0.000000,0.0273,0.027, 0.2000, 3416.8253
22,1, 6980.330866, 8.394E-32, 0.000000,0.0476,0.048, 0.7100,  179.0168
22,1, 6981.208396, 2.171E-37, 0.000000,0.0273,0.027, 0.2000, 3511.1741
22,1, 6986.169876, 7.176E-38, 0.000000,0.0273,0.027, 0.2000, 3609.4259
22,1, 6987.017712, 1.560E-31, 0.000000,0.0463,0.046, 0.6800,  218.7856
22,1, 6991.018876, 9.295E-38, 0.000000,0.0273,0.027, 0.2000, 3711.5773
22,1, 6993.596783, 7.053E-32, 0.000000,0.0448,0.045, 0.6500,  262.5261
22,1, 6995.755097, 2.949E-38, 0.000000,0.0273,0.027, 0.2000, 3817.6248
22,1, 7000.067794, 1.243E-31, 0.000000,0.0433,0.043, 0.6200,  310.2366
22,1, 7000.378241, 3.667E-38, 0.000000,0.0273,0.027, 0.2000, 3927.5645
22,1, 7004.888008, 1.117E-38, 0.000000,0.0273,0.027, 0.2000, 4041.3928
22,1, 7006.430460, 5.338E-32, 0.000000,0.0415,0.042, 0.5700,  361.9156
22,1, 7009.284098, 1.334E-38, 0.000000,0.0273,0.027, 0.2000, 4159.1055
22,1, 7012.684493, 8.952E-32, 0.000000,0.0396,0.040, 0.5200,  417.5611
22,1, 7013.566209, 3.904E-39, 0.000000,0.0273,0.027, 0.2000, 4280.6986
22,1, 7017.734039, 4.480E-39, 0.000000,0.0273,0.027, 0.2000, 4406.1677
22,1, 7018.829608, 3.665E-32, 0.000000,0.0375,0.037, 0.4700,  477.1714
22,1, 7021.787285, 1.260E-39, 0.000000,0.0273,0.027, 0.2000, 4535.5086
22,1, 7024.865516, 5.865E-32, 0.000000,0.0354,0.035, 0.4100,  540.7443
22,1, 7025.725643, 1.389E-39, 0.000000,0.0273,0.027, 0.2000, 4668.7166
22,1, 7030.791930, 2.293E-32, 0.000000,0.0332,0.033, 0.3400,  608.2776
22,1, 7036.608560, 3.508E-32, 0.000000,0.0311,0.031, 0.2700,  679.7690
22,1, 7042.315116, 1.312E-32, 0.000000,0.0291,0.029, 0.2000,  755.2160
22,1, 7047.911308, 1.920E-32, 0.000000,0.0274,0.027, 0.2000,  834.6161
22,1, 7053.396845, 6.878E-33, 0.000000,0.0273,0.027, 0.2000,  917.9663
22,1, 7058.771436, 9.644E-33, 0.000000,0.0273,0.027, 0.2000, 1005.2639
22,1, 7064.034787, 3.310E-33, 0.000000,0.0273,0.027, 0.2000, 1096.5059
22,1, 7069.186605, 4.449E-33, 0.000000,0.0273,0.027, 0.2000, 1191.6890
22,1, 7074.226596, 1.464E-33, 0.000000,0.0273,0.027, 0.2000, 1290.8100
22,1, 7079.154466, 1.888E-33, 0.000000,0.0273,0.027, 0.2000, 1393.8655
22,1, 7083.969920, 5.961E-34, 0.000000,0.0273,0.027, 0.2000, 1500.8518
22,1, 7088.672660, 7.377E-34, 0.000000,0.0273,0.027, 0.2000, 1611.7652
22,1, 7093.262390, 2.236E-34, 0.000000,0.0273,0.027, 0.2000, 1726.6019
22,1, 7097.738812, 2.657E-34, 0.000000,0.0273,0.027, 0.2000, 1845.3580
22,1, 7102.101628, 7.732E-35, 0.000000,0.0273,0.027, 0.2000, 1968.0293
22,1, 7106.350538, 8.823E-35, 0.000000,0.0273,0.027, 0.2000, 2094.6115
22,1, 7110.485243, 2.467E-35, 0.000000,0.0273,0.027, 0.2000, 2225.1003
22,1, 7114.505442, 2.704E-35, 0.000000,0.0273,0.027, 0.2000, 2359.4911
22,1, 7118.410832, 7.266E-36, 0.000000,0.0273,0.027, 0.2000, 2497.7792
22,1, 7122.201112, 7.655E-36, 0.000000,0.0273,0.027, 0.2000, 2639.9600
22,1, 7125.875978, 1.977E-36, 0.000000,0.0273,0.027, 0.2000, 2786.0283
22,1, 7129.435126, 2.002E-36, 0.000000,0.0273,0.027, 0.2000, 2935.9792
22,1, 7132.878251, 4.971E-37, 0.000000,0.0273,0.027, 0.2000, 3089.8075
22,1, 7136.205047, 4.841E-37, 0.000000,0.0273,0.027, 0.2000, 3247.5078
22,1, 7139.415207, 1.156E-37, 0.000000,0.0273,0.027, 0.2000, 3409.0746
22,1, 7142.508424, 1.082E-37, 0.000000,0.0273,0.027, 0.2000, 3574.5023
22,1, 7145.484388, 2.486E-38, 0.000000,0.0273,0.027, 0.2000, 3743.7852
22,1, 7148.342791, 2.239E-38, 0.000000,0.0273,0.027, 0.2000, 3916.9175
22,1, 7151.083321, 4.947E-39, 0.000000,0.0273,0.027, 0.2000, 4093.8929
22,1, 7153.705667, 4.289E-39, 0.000000,0.0273,0.027, 0.2000, 4274.7055
22,1, 8732.463873, 3.656E-39, 0.000000,0.0273,0.027, 0.2000, 3247.5078
22,1, 8745.528345, 3.974E-39, 0.000000,0.0273,0.027, 0.2000, 3089.8075
22,1, 8758.462979, 1.694E-38, 0.000000,0.0273,0.027, 0.2000, 2935.9792
22,1, 8771.267545, 1.769E-38, 0.000000,0.0273,0.027, 0.2000, 2786.0283
22,1, 8783.941816, 7.243E-38, 0.000000,0.0273,0.027, 0.2000, 2639.9600
22,1, 8796.485560, 7.267E-38, 0.000000,0.0273,0.027, 0.2000, 2497.7792
22,1, 8808.898545, 2.858E-37, 0.000000,0.0273,0.027, 0.2000, 2359.4911
22,1, 8821.180535, 2.754E-37, 0.000000,0.0273,0.027, 0.2000, 2225.1003
22,1, 8833.331297, 1.040E-36, 0.000000,0.0273,0.027, 0.2000, 2094.6115
22,1, 8845.350591, 9.626E-37, 0.000000,0.0273,0.027, 0.2000, 1968.0293
22,1, 8857.238180, 3.491E-36, 0.000000,0.0273,0.027, 0.2000, 1845.3580
22,1, 8868.993824, 3.100E-36, 0.000000,0.0273,0.027, 0.2000, 1726.6019
22,1, 8880.617279, 1.079E-35, 0.000000,0.0273,0.027, 0.2000, 1611.7652
22,1, 8892.108304, 9.195E-36, 0.000000,0.0273,0.027, 0.2000, 1500.8518
22,1, 8903.466653, 3.070E-35, 0.000000,0.0273,0.027, 0.2000, 1393.8655
22,1, 8914.692081, 2.509E-35, 0.000000,0.0273,0.027, 0.2000, 1290.8100
22,1, 8925.784340, 8.032E-35, 0.000000,0.0273,0.027, 0.2000, 1191.6890
22,1, 8936.743181, 6.292E-35, 0.000000,0.0273,0.027, 0.2000, 1096.5059
22,1, 8947.568354, 1.930E-34, 0.000000,0.0273,0.027, 0.2000, 1005.2639
22,1, 8958.259608, 1.448E-34, 0.000000,0.0273,0.027, 0.2000,  917.9663
22,1, 8968.816690, 4.254E-34, 0.000000,0.0274,0.027, 0.2000,  834.6161
22,1, 8979.239346, 3.055E-34, 0.000000,0.0291,0.029, 0.2000,  755.2160
22,1, 8989.527321, 8.581E-34, 0.000000,0.0311,0.031, 0.2700,  679.7690
22,1, 8999.680357, 5.890E-34, 0.000000,0.0332,0.033, 0.3400,  608.2776
22,1, 9009.698198, 1.580E-33, 0.000000,0.0354,0.035, 0.4100,  540.7443
22,1, 9019.580585, 1.035E-33, 0.000000,0.0375,0.037, 0.4700,  477.1714
22,1, 9021.327201, 1.625E-39, 0.000000,0.0200,0.020, 0.2000, 3574.5023
22,1, 9027.204321, 1.777E-39, 0.000000,0.0200,0.020, 0.2000, 3409.0746
22,1, 9029.327256, 2.647E-33, 0.000000,0.0396,0.040, 0.5200,  417.5611
22,1, 9032.940866, 7.626E-39, 0.000000,0.0200,0.020, 0.2000, 3247.5078
22,1, 9038.536884, 8.023E-39, 0.000000,0.0200,0.020, 0.2000, 3089.8075
22,1, 9038.937951, 1.650E-33, 0.000000,0.0415,0.042, 0.5700,  361.9156
22,1, 9043.992425, 3.311E-38, 0.000000,0.0200,0.020, 0.2000, 2935.9792
22,1, 9048.412408, 4.009E-33, 0.000000,0.0433,0.043, 0.6200,  310.2366
22,1, 9049.307533, 3.350E-38, 0.000000,0.0200,0.020, 0.2000, 2786.0283
22,1, 9054.482255, 1.329E-37, 0.000000,0.0200,0.020, 0.2000, 2639.9600
22,1, 9057.750362, 2.370E-33, 0.000000,0.0448,0.045, 0.6500,  262.5261
22,1, 9059.516633, 1.293E-37, 0.000000,0.0200,0.020, 0.2000, 2497.7792
22,1, 9064.410709, 4.932E-37, 0.000000,0.0200,0.020, 0.2000, 2359.4911
22,1, 9066.951549, 5.445E-33, 0.000000,0.0463,0.046, 0.6800,  218.7856
22,1, 9069.164524, 4.611E-37, 0.000000,0.0200,0.020, 0.2000, 2225.1003
22,1, 9073.778116, 1.691E-36, 0.000000,0.0200,0.020, 0.2000, 2094.6115
22,1, 9076.015703, 3.033E-33, 0.000000,0.0476,0.048, 0.7100,  179.0168
22,1, 9078.251523, 1.519E-36, 0.000000,0.0200,0.020, 0.2000, 1968.0293
22,1, 9082.584782, 5.349E-36, 0.000000,0.0200,0.020, 0.2000, 1845.3580
22,1, 9084.942557, 6.532E-33, 0.000000,0.0488,0.049, 0.7300,  143.2209
22,1, 9086.777927, 4.616E-36, 0.000000,0.0200,0.020, 0.2000, 1726.6019
22,1, 9090.830992, 1.561E-35, 0.000000,0.0200,0.020, 0.2000, 1611.7652
22,1, 9093.731843, 3.386E-33, 0.000000,0.0499,0.050, 0.7400,  111.3991
22,1, 9094.744010, 1.294E-35, 0.000000,0.0200,0.020, 0.2000, 1500.8518
22,1, 9098.517011, 4.200E-35, 0.000000,0.0200,0.020, 0.2000, 1393.8655
22,1, 9102.150025, 3.340E-35, 0.000000,0.0200,0.020, 0.2000, 1290.8100
22,1, 9102.383291, 6.717E-33, 0.000000,0.0512,0.051, 0.7500,   83.5527
22,1, 9105.643081, 1.041E-34, 0.000000,0.0200,0.020, 0.2000, 1191.6890
22,1, 9108.996206, 7.940E-35, 0.000000,0.0214,0.021, 0.2000, 1096.5059
22,1, 9110.896631, 3.153E-33, 0.000000,0.0525,0.052, 0.7600,   59.6826
22,1, 9112.209426, 2.373E-34, 0.000000,0.0230,0.023, 0.2000, 1005.2639
22,1, 9115.282766, 1.735E-34, 0.000000,0.0250,0.025, 0.2000,  917.9663
22,1, 9118.216250, 4.969E-34, 0.000000,0.0273,0.027, 0.2000,  834.6161
22,1, 9119.271592, 5.497E-33, 0.000000,0.0542,0.054, 0.7600,   39.7895
22,1, 9121.009900, 3.481E-34, 0.000000,0.0299,0.030, 0.2000,  755.2160
22,1, 9123.663738, 9.544E-34, 0.000000,0.0327,0.033, 0.2700,  679.7690
22,1, 9126.177783, 6.398E-34, 0.000000,0.0332,0.033, 0.3400,  608.2776
22,1, 9127.507901, 2.132E-33, 0.000000,0.0562,0.056, 0.7700,   23.8743
22,1, 9128.552056, 1.677E-33, 0.000000,0.0339,0.034, 0.4100,  540.7443
22,1, 9130.786573, 1.075E-33, 0.000000,0.0330,0.033, 0.4700,  477.1714
22,1, 9132.881353, 2.690E-33, 0.000000,0.0357,0.036, 0.5200,  417.5611
22,1, 9134.836409, 1.643E-33, 0.000000,0.0356,0.036, 0.5700,  361.9156
22,1, 9135.605284, 2.574E-33, 0.000000,0.0588,0.059, 0.7800,   11.9373
22,1, 9136.651759, 3.918E-33, 0.000000,0.0374,0.037, 0.6200,  310.2366
22,1, 9138.327414, 2.276E-33, 0.000000,0.0432,0.043, 0.6500,  262.5261
22,1, 9139.863387, 5.150E-33, 0.000000,0.0466,0.047, 0.6800,  218.7856
22,1, 9141.259690, 2.833E-33, 0.000000,0.0472,0.047, 0.7100,  179.0168
22,1, 9142.516334, 6.049E-33, 0.000000,0.0469,0.047, 0.7300,  143.2209
22,1, 9143.633326, 3.126E-33, 0.000000,0.0476,0.048, 0.7400,  111.3991
22,1, 9144.610677, 6.234E-33, 0.000000,0.0469,0.047, 0.7500,   83.5527
22,1, 9145.448393, 2.985E-33, 0.000000,0.0477,0.048, 0.7600,   59.6826
22,1, 9146.146480, 5.451E-33, 0.000000,0.0490,0.049, 0.7600,   39.7895
22,1, 9146.704944, 2.352E-33, 0.000000,0.0509,0.051, 0.7700,   23.8743
22,1, 9147.123788, 3.816E-33, 0.000000,0.0535,0.053, 0.7800,   11.9373
22,1, 9147.403015, 1.666E-33, 0.000000,0.0567,0.057, 0.7900,    3.9792
22,1, 9159.061132, 2.937E-33, 0.000000,0.0663,0.066, 0.8100,    0.0000
22,1, 9166.600059, 2.657E-33, 0.000000,0.0621,0.062, 0.7900,    3.9792
22,1, 9173.998676, 7.481E-33, 0.000000,0.0588,0.059, 0.7800,   11.9373
22,1, 9181.256706, 4.687E-33, 0.000000,0.0562,0.056, 0.7700,   23.8743
22,1, 9188.373867, 1.090E-32, 0.000000,0.0542,0.054, 0.7600,   39.7895
22,1, 9195.349877, 6.003E-33, 0.000000,0.0525,0.052, 0.7600,   59.6826
22,1, 9202.184453, 1.265E-32, 0.000000,0.0512,0.051, 0.7500,   83.5527
22,1, 9208.877313, 6.414E-33, 0.000000,0.0499,0.050, 0.7400,  111.3991
22,1, 9215.428171, 1.258E-32, 0.000000,0.0488,0.049, 0.7300,  143.2209
22,1, 9221.836741, 5.980E-33, 0.000000,0.0476,0.048, 0.7100,  179.0168
22,1, 9228.102737, 1.105E-32, 0.000000,0.0463,0.046, 0.6800,  218.7856
22,1, 9234.225872, 4.969E-33, 0.000000,0.0448,0.045, 0.6500,  262.5261
22,1, 9240.205855, 8.707E-33, 0.000000,0.0433,0.043, 0.6200,  310.2366
22,1, 9246.042398, 3.720E-33, 0.000000,0.0415,0.042, 0.5700,  361.9156
22,1, 9251.735210, 6.207E-33, 0.000000,0.0396,0.040, 0.5200,  417.5611
22,1, 9257.283999, 2.528E-33, 0.000000,0.0375,0.037, 0.4700,  477.1714
22,1, 9262.688473, 4.025E-33, 0.000000,0.0354,0.035, 0.4100,  540.7443
22,1, 9267.948337, 1.566E-33, 0.000000,0.0332,0.033, 0.3400,  608.2776
22,1, 9273.063298, 2.384E-33, 0.000000,0.0311,0.031, 0.2700,  679.7690
22,1, 9278.033058, 8.873E-34, 0.000000,0.0291,0.029, 0.2000,  755.2160
22,1, 9282.857322, 1.293E-33, 0.000000,0.0274,0.027, 0.2000,  834.6161
22,1, 9287.535791, 4.609E-34, 0.000000,0.0273,0.027, 0.2000,  917.9663
22,1, 9292.068167, 6.433E-34, 0.000000,0.0273,0.027, 0.2000, 1005.2639
22,1, 9296.454150, 2.198E-34, 0.000000,0.0273,0.027, 0.2000, 1096.5059
22,1, 9300.693439, 2.942E-34, 0.000000,0.0273,0.027, 0.2000, 1191.6890
22,1, 9304.785731, 9.641E-35, 0.000000,0.0273,0.027, 0.2000, 1290.8100
22,1, 9308.730724, 1.238E-34, 0.000000,0.0273,0.027, 0.2000, 1393.8655
22,1, 9312.528114, 3.893E-35, 0.000000,0.0273,0.027, 0.2000, 1500.8518
22,1, 9316.177594, 4.798E-35, 0.000000,0.0273,0.027, 0.2000, 1611.7652
22,1, 9319.678859, 1.448E-35, 0.000000,0.0273,0.027, 0.2000, 1726.6019
22,1, 9323.031601, 1.714E-35, 0.000000,0.0273,0.027, 0.2000, 1845.3580
22,1, 9326.235512, 4.970E-36, 0.000000,0.0273,0.027, 0.2000, 1968.0293
22,1, 9329.290280, 5.650E-36, 0.000000,0.0273,0.027, 0.2000, 2094.6115
22,1, 9332.195597, 1.574E-36, 0.000000,0.0273,0.027, 0.2000, 2225.1003
22,1, 9334.951148, 1.719E-36, 0.000000,0.0273,0.027, 0.2000, 2359.4911
22,1, 9337.556621, 4.602E-37, 0.000000,0.0273,0.027, 0.2000, 2497.7792
22,1, 9340.011701, 4.832E-37, 0.000000,0.0273,0.027, 0.2000, 2639.9600
22,1, 9342.316072, 1.243E-37, 0.000000,0.0273,0.027, 0.2000, 2786.0283
22,1, 9344.469418, 1.255E-37, 0.000000,0.0273,0.027, 0.2000, 2935.9792
22,1, 9346.471418, 3.106E-38, 0.000000,0.0273,0.027, 0.2000, 3089.8075
22,1, 9348.321754, 3.014E-38, 0.000000,0.0273,0.027, 0.2000, 3247.5078
22,1, 9350.020105, 7.174E-39, 0.000000,0.0273,0.027, 0.2000, 3409.0746
22,1, 9351.566148, 6.697E-39, 0.000000,0.0273,0.027, 0.2000, 3574.5023
22,1, 9352.959559, 1.533E-39, 0.000000,0.0273,0.027, 0.2000, 3743.7852
22,1, 9354.200013, 1.377E-39, 0.000000,0.0273,0.027, 0.2000, 3916.9175
